/*--------------------------------*- C++ -*----------------------------------*\
| =========                 |                                                 |
| \\      /  F ield         | OpenFOAM: The Open Source CFD Toolbox           |
|  \\    /   O peration     | Version:  v2012                                 |
|   \\  /    A nd           | Website:  www.openfoam.com                      |
|    \\/     M anipulation  |                                                 |
\*---------------------------------------------------------------------------*/
FoamFile
{
    version     2.0;
    format      ascii;
    class       volScalarField;
    location    "1554";
    object      p;
}
// * * * * * * * * * * * * * * * * * * * * * * * * * * * * * * * * * * * * * //

dimensions      [0 2 -2 0 0 0 0];


internalField   nonuniform List<scalar> 
10000
(
2.43893e-05
0.000493034
-0.0017156
-0.00727923
-0.015798
-0.0267823
-0.0397224
-0.0541188
-0.0695087
-0.085475
-0.101646
-0.117695
-0.133331
-0.148303
-0.16239
-0.175398
-0.187162
-0.19754
-0.20641
-0.213671
-0.21924
-0.22305
-0.225048
-0.225197
-0.223472
-0.219861
-0.214361
-0.206981
-0.197741
-0.186666
-0.173793
-0.159166
-0.142834
-0.124855
-0.105293
-0.0842157
-0.0616983
-0.0378197
-0.0126633
0.0136833
0.041129
0.0695792
0.0989365
0.129101
0.15997
0.19144
0.223404
0.255755
0.288384
0.321182
0.35404
0.386847
0.419493
0.451869
0.483866
0.515375
0.546289
0.576505
0.605917
0.634426
0.661932
0.68834
0.713557
0.737495
0.760068
0.781198
0.800807
0.818827
0.835192
0.849844
0.862733
0.873815
0.883053
0.890419
0.895897
0.899476
0.901159
0.90096
0.898904
0.89503
0.889392
0.882056
0.873109
0.862654
0.850813
0.837731
0.823575
0.808539
0.792846
0.77675
0.760542
0.744549
0.729145
0.714746
0.701814
0.690847
0.682351
0.676813
0.674627
0.675097
-0.000417312
4.34707e-05
-0.00196622
-0.00699363
-0.0146077
-0.0243935
-0.0359333
-0.0488072
-0.0626149
-0.0769874
-0.0915891
-0.106119
-0.120307
-0.133916
-0.146735
-0.15858
-0.169289
-0.178725
-0.186768
-0.193317
-0.19829
-0.201619
-0.20325
-0.203144
-0.201275
-0.197626
-0.192193
-0.184982
-0.176008
-0.165295
-0.152874
-0.138785
-0.123075
-0.105797
-0.0870096
-0.0667781
-0.0451723
-0.022267
0.00185888
0.0271221
0.0534361
0.0807108
0.108853
0.137768
0.167358
0.197522
0.22816
0.259168
0.290442
0.321879
0.353372
0.384817
0.416107
0.447138
0.477805
0.508006
0.537637
0.566599
0.594792
0.622121
0.64849
0.67381
0.697992
0.720951
0.742609
0.762888
0.781718
0.799034
0.814774
0.828886
0.841321
0.852041
0.861012
0.868211
0.873623
0.877242
0.879073
0.879132
0.877448
0.87406
0.869023
0.862405
0.854292
0.844785
0.834006
0.822093
0.80921
0.795542
0.781301
0.766728
0.752092
0.737694
0.723872
0.710993
0.699458
0.689685
0.682089
0.677083
0.675093
0.675566
0.00178897
0.00205975
5.46981e-05
-0.00465173
-0.0116027
-0.0204409
-0.0308224
-0.0423959
-0.0548192
-0.0677702
-0.0809504
-0.0940872
-0.106934
-0.119269
-0.130895
-0.141638
-0.151343
-0.159877
-0.167125
-0.172989
-0.177386
-0.180249
-0.181524
-0.181171
-0.179161
-0.175477
-0.170112
-0.163068
-0.154359
-0.144003
-0.13203
-0.118476
-0.103383
-0.0868
-0.0687829
-0.049392
-0.028693
-0.00675631
0.0163434
0.0405275
0.0657137
0.0918166
0.118748
0.146416
0.174729
0.203591
0.232905
0.262572
0.292495
0.322572
0.352703
0.382787
0.412724
0.442413
0.471754
0.500649
0.529001
0.556713
0.583691
0.609843
0.635081
0.659317
0.682468
0.704455
0.725202
0.744637
0.762693
0.77931
0.794431
0.808006
0.819993
0.830354
0.839061
0.846093
0.851439
0.855095
0.857069
0.857379
0.856055
0.853137
0.848681
0.842755
0.835442
0.826843
0.817073
0.806267
0.794582
0.782192
0.769297
0.756119
0.742906
0.729931
0.717493
0.705914
0.695535
0.686706
0.67977
0.675083
0.673098
0.673386
0.00734434
0.0070944
0.00477393
6.28779e-05
-0.00661112
-0.0149295
-0.0245955
-0.0353067
-0.0467665
-0.0586922
-0.0708185
-0.0829
-0.0947117
-0.10605
-0.116731
-0.126591
-0.135485
-0.143286
-0.149884
-0.155183
-0.159104
-0.161582
-0.162562
-0.162004
-0.15988
-0.15617
-0.150866
-0.143969
-0.135489
-0.125444
-0.11386
-0.100769
-0.0862108
-0.0702319
-0.0528838
-0.0342235
-0.0143132
0.00678046
0.0289865
0.0522302
0.0764332
0.101514
0.127388
0.153968
0.181166
0.20889
0.237047
0.265544
0.294285
0.323174
0.352114
0.38101
0.409764
0.438281
0.466464
0.49422
0.521454
0.548075
0.573993
0.599121
0.623372
0.646665
0.66892
0.69006
0.710016
0.728717
0.746103
0.762114
0.776698
0.789809
0.801406
0.811456
0.819934
0.82682
0.832105
0.835789
0.83788
0.838398
0.837372
0.834843
0.830866
0.825508
0.818849
0.810987
0.802031
0.792112
0.781375
0.769985
0.758128
0.746007
0.733849
0.7219
0.710425
0.699708
0.690043
0.681734
0.675075
0.670383
0.668087
0.667861
0.0158645
0.0147297
0.0117482
0.00673831
4.33653e-05
-0.00806184
-0.0173195
-0.0274689
-0.038253
-0.0494243
-0.0607481
-0.0720047
-0.0829911
-0.0935211
-0.103426
-0.112553
-0.120768
-0.12795
-0.133995
-0.138813
-0.142327
-0.144474
-0.145201
-0.144469
-0.14225
-0.138523
-0.13328
-0.12652
-0.118251
-0.10849
-0.0972594
-0.0845905
-0.0705201
-0.0550912
-0.0383527
-0.0203584
-0.0011674
0.019157
0.0405473
0.0629322
0.0862368
0.110383
0.135291
0.160876
0.187054
0.213737
0.240836
0.26826
0.295919
0.323721
0.351572
0.379379
0.407051
0.434495
0.461619
0.488332
0.514545
0.540169
0.565119
0.58931
0.612661
0.635093
0.65653
0.6769
0.696134
0.714168
0.730942
0.746402
0.760498
0.773186
0.784429
0.794195
0.802462
0.809212
0.814438
0.81814
0.820328
0.821022
0.820251
0.818055
0.814488
0.809614
0.803511
0.79627
0.787996
0.778812
0.768854
0.758274
0.747243
0.735949
0.724594
0.7134
0.7026
0.692444
0.683188
0.675092
0.668413
0.663425
0.660473
0.659369
0.0268875
0.024575
0.0206421
0.0150769
0.00810717
-4.09959e-05
-0.00914574
-0.0189837
-0.0293334
-0.0399794
-0.0507152
-0.0613459
-0.0716892
-0.0815766
-0.0908542
-0.099382
-0.107035
-0.113701
-0.119282
-0.123694
-0.126863
-0.12873
-0.129244
-0.128367
-0.126071
-0.122337
-0.117155
-0.110524
-0.102452
-0.0929518
-0.0820466
-0.0697644
-0.0561401
-0.0412144
-0.0250334
-0.00764849
0.0108843
0.0305046
0.0511479
0.072746
0.0952274
0.118517
0.142539
0.167211
0.192453
0.218181
0.244308
0.270749
0.297415
0.324218
0.351069
0.377878
0.404557
0.431016
0.457168
0.482925
0.508201
0.532912
0.556974
0.580308
0.602834
0.624478
0.645167
0.664832
0.683407
0.700831
0.717047
0.732003
0.745652
0.757954
0.768871
0.778377
0.786448
0.793069
0.798235
0.801946
0.804212
0.805052
0.804495
0.802582
0.799361
0.794895
0.789257
0.782534
0.774825
0.766241
0.756911
0.746975
0.736588
0.72592
0.715154
0.704485
0.69412
0.684275
0.675172
0.667034
0.660082
0.654542
0.650644
0.648369
0.0399429
0.0362464
0.0311409
0.0248081
0.0173475
0.00893587
-0.000237631
-0.00998353
-0.0201125
-0.0304381
-0.0407801
-0.0509662
-0.0608344
-0.0702332
-0.0790232
-0.087077
-0.0942794
-0.100528
-0.10573
-0.109809
-0.112694
-0.114331
-0.11467
-0.113677
-0.111324
-0.107593
-0.102474
-0.0959655
-0.0880747
-0.0788148
-0.0682064
-0.0562764
-0.0430579
-0.0285894
-0.012915
0.00391628
0.021851
0.0408313
0.0607954
0.0816781
0.103411
0.125921
0.149136
0.172977
0.197367
0.222224
0.247467
0.273011
0.298773
0.324666
0.350605
0.376505
0.402279
0.427841
0.453108
0.477994
0.502418
0.526297
0.549553
0.572106
0.593884
0.614812
0.634821
0.653846
0.671822
0.688693
0.704402
0.718901
0.732145
0.744095
0.754716
0.763982
0.771872
0.778372
0.783476
0.787185
0.789509
0.790467
0.790086
0.788404
0.785468
0.781336
0.776078
0.769774
0.762515
0.754407
0.745564
0.736117
0.726206
0.715982
0.705609
0.69526
0.685116
0.675364
0.666193
0.657792
0.650351
0.644047
0.638981
0.635329
0.0545795
0.0493648
0.042928
0.0356605
0.0275321
0.0186728
0.00924265
-0.000599376
-0.0106928
-0.0208777
-0.0309974
-0.0409012
-0.0504454
-0.0594953
-0.0679254
-0.0756206
-0.0824761
-0.0883978
-0.0933019
-0.0971154
-0.0997752
-0.101228
-0.101431
-0.100349
-0.0979569
-0.094238
-0.0891834
-0.0827918
-0.0750693
-0.0660292
-0.0556908
-0.0440802
-0.0312287
-0.0171736
-0.00195696
0.0143743
0.0317687
0.0501707
0.0695211
0.089757
0.110812
0.132618
0.155102
0.178192
0.20181
0.22588
0.250321
0.275053
0.299995
0.325065
0.350179
0.375254
0.400209
0.42496
0.449425
0.473524
0.497176
0.520303
0.542829
0.564678
0.585779
0.606061
0.625457
0.643903
0.66134
0.677711
0.692964
0.707051
0.719928
0.731559
0.741912
0.750959
0.758681
0.765066
0.770106
0.773804
0.776168
0.777215
0.776972
0.775474
0.772765
0.768899
0.763939
0.757962
0.75105
0.7433
0.734817
0.725719
0.71613
0.706188
0.696037
0.685829
0.67572
0.665871
0.656444
0.647597
0.63949
0.632255
0.625863
0.620698
0.070388
0.0635756
0.0556999
0.0473717
0.0384348
0.0289773
0.0191337
0.0090362
-0.00118056
-0.0113803
-0.021428
-0.0311924
-0.0405474
-0.0493736
-0.0575592
-0.0650008
-0.0716039
-0.077283
-0.0819621
-0.0855741
-0.0880614
-0.089375
-0.0894752
-0.0883302
-0.0859169
-0.0822197
-0.077231
-0.0709501
-0.0633832
-0.0545433
-0.0444495
-0.0331267
-0.0206056
-0.00692173
0.00788405
0.0237665
0.040676
0.0585591
0.0773585
0.0970135
0.11746
0.138633
0.160461
0.182874
0.205799
0.22916
0.25288
0.276882
0.301087
0.325415
0.349787
0.374121
0.398339
0.42236
0.446104
0.469495
0.492454
0.514906
0.536777
0.557994
0.578487
0.598189
0.617036
0.634965
0.651918
0.667842
0.682685
0.696402
0.708951
0.720295
0.730404
0.739253
0.746821
0.753096
0.758072
0.761749
0.764135
0.765246
0.765106
0.763748
0.761211
0.757546
0.752812
0.747076
0.740416
0.732919
0.72468
0.715804
0.706404
0.6966
0.68652
0.676295
0.666063
0.655958
0.646118
0.636674
0.62776
0.619467
0.611641
0.604884
0.0870081
0.0785578
0.0691754
0.0596944
0.04984
0.039663
0.0292767
0.01879
0.00831472
-0.0020339
-0.0121403
-0.021891
-0.031176
-0.0398901
-0.0479346
-0.0552173
-0.0616537
-0.0671668
-0.071688
-0.0751567
-0.0775207
-0.0787355
-0.078765
-0.0775807
-0.0751617
-0.0714945
-0.0665726
-0.0603963
-0.0529724
-0.0443139
-0.0344398
-0.0233746
-0.011148
0.00220503
0.0166451
0.0321282
0.0486064
0.0660277
0.0843367
0.103475
0.12338
0.143988
0.165231
0.187042
0.209348
0.232077
0.255154
0.278504
0.302051
0.325718
0.349427
0.3731
0.39666
0.42003
0.443133
0.465893
0.488234
0.510085
0.531372
0.552026
0.57198
0.591167
0.609525
0.626994
0.643518
0.659045
0.673524
0.686913
0.699169
0.710258
0.72015
0.728818
0.736245
0.742417
0.747327
0.750975
0.753368
0.754519
0.75445
0.75319
0.750777
0.747255
0.742678
0.737107
0.730613
0.723273
0.715173
0.706408
0.697076
0.687284
0.677144
0.666769
0.656277
0.645783
0.6354
0.625237
0.615408
0.605965
0.596636
0.588247
0.104126
0.0940251
0.0830976
0.0723993
0.0615445
0.0505519
0.0395176
0.0285304
0.0176824
0.00707018
-0.00320797
-0.0130545
-0.0223742
-0.0310752
-0.0390708
-0.0462794
-0.052626
-0.0580422
-0.0624665
-0.0658447
-0.0681299
-0.0692825
-0.0692703
-0.0680679
-0.0656572
-0.0620267
-0.0571716
-0.0510934
-0.0437997
-0.035304
-0.0256253
-0.014788
-0.00282136
0.0102404
0.0243586
0.0394904
0.055589
0.0726039
0.0904812
0.109164
0.128592
0.148702
0.16943
0.190709
0.212469
0.23464
0.257149
0.279924
0.302891
0.325973
0.349097
0.372187
0.395167
0.417962
0.440498
0.462701
0.484499
0.50582
0.526594
0.546753
0.566231
0.584965
0.602894
0.61996
0.636108
0.651286
0.665447
0.678546
0.690545
0.701409
0.711108
0.719616
0.726915
0.73299
0.737835
0.741447
0.743833
0.745002
0.744976
0.743778
0.741443
0.73801
0.733529
0.728054
0.721648
0.71438
0.706328
0.697573
0.688204
0.678315
0.668001
0.657361
0.646494
0.635499
0.624467
0.613489
0.602661
0.592003
0.581133
0.571098
0.121471
0.109725
0.0972343
0.0852756
0.073359
0.0614758
0.0497084
0.0381289
0.0268123
0.0158392
0.00529225
-0.00474515
-0.014191
-0.0229659
-0.0309939
-0.0382038
-0.0445294
-0.0499104
-0.0542923
-0.0576273
-0.0598738
-0.0609971
-0.0609686
-0.0597668
-0.0573761
-0.0537875
-0.0489981
-0.0430107
-0.035834
-0.0274822
-0.0179747
-0.00733603
0.00440468
0.0172136
0.0310528
0.04588
0.0616496
0.078312
0.0958146
0.114102
0.133115
0.152793
0.173073
0.193889
0.215174
0.236859
0.258874
0.281147
0.303607
0.326181
0.348795
0.371377
0.393851
0.416147
0.43819
0.459909
0.481233
0.502094
0.522422
0.542152
0.561219
0.579561
0.597119
0.613835
0.629658
0.644535
0.65842
0.67127
0.683047
0.693715
0.703245
0.711613
0.718797
0.724784
0.729565
0.733137
0.735503
0.736673
0.736662
0.735494
0.733197
0.729807
0.725366
0.719925
0.713537
0.706266
0.698179
0.689348
0.67985
0.669767
0.659181
0.648178
0.636841
0.625252
0.613487
0.601619
0.58973
0.577813
0.565384
0.553708
0.138807
0.125433
0.111377
0.0981309
0.085108
0.0722764
0.0597081
0.0474612
0.0355964
0.02418
0.0132815
0.00297151
-0.00667994
-0.0156045
-0.0237365
-0.031014
-0.0373793
-0.0427797
-0.0471676
-0.0505013
-0.0527445
-0.053867
-0.0538447
-0.0526591
-0.050298
-0.0467546
-0.0420281
-0.0361231
-0.0290495
-0.0208224
-0.0114619
-0.000992778
0.0105557
0.0231498
0.0367519
0.0513205
0.0668103
0.0831729
0.100357
0.118307
0.136966
0.156275
0.176172
0.196593
0.217471
0.238741
0.260332
0.282177
0.304204
0.326342
0.34852
0.370666
0.392708
0.414575
0.436197
0.457503
0.478424
0.498891
0.51884
0.538204
0.556921
0.574931
0.592174
0.608595
0.624142
0.638765
0.652417
0.665057
0.676645
0.687148
0.696535
0.70478
0.711865
0.717772
0.722492
0.72602
0.728358
0.729513
0.729496
0.728328
0.726034
0.722644
0.718196
0.712733
0.706304
0.698962
0.690768
0.681784
0.672078
0.661719
0.650779
0.63933
0.627442
0.615184
0.602617
0.589799
0.576805
0.563603
0.549611
0.536311
0.155931
0.140953
0.125339
0.11079
0.0966298
0.0828061
0.0693832
0.056408
0.0439289
0.0320003
0.02068
0.0100275
0.000102157
-0.00903774
-0.0173359
-0.0247389
-0.031197
-0.0366648
-0.0411011
-0.0444699
-0.0467404
-0.047887
-0.0478894
-0.046733
-0.0444084
-0.0409115
-0.0362438
-0.0304115
-0.0234261
-0.0153039
-0.00606566
0.00426315
0.0156529
0.0280698
0.0414764
0.0558314
0.0710901
0.0872046
0.104124
0.121795
0.14016
0.159162
0.17874
0.198831
0.21937
0.240292
0.26153
0.283016
0.304681
0.326455
0.348268
0.37005
0.391731
0.413241
0.434511
0.455473
0.476057
0.496199
0.515832
0.534894
0.553321
0.571056
0.588039
0.604218
0.619539
0.633953
0.647415
0.659882
0.671317
0.681684
0.690953
0.699097
0.706097
0.711934
0.716598
0.720082
0.722385
0.723512
0.723471
0.722279
0.719956
0.71653
0.712032
0.706499
0.699974
0.692505
0.684141
0.674938
0.664954
0.654249
0.642884
0.630919
0.618415
0.605426
0.592002
0.578192
0.56406
0.549557
0.53401
0.519109
0.172665
0.156111
0.138952
0.123095
0.107776
0.0929269
0.0786074
0.0648548
0.0517072
0.0392089
0.0274079
0.0163535
0.00609578
-0.00331591
-0.0118338
-0.0194124
-0.0260093
-0.0315858
-0.036107
-0.0395424
-0.0418663
-0.0430575
-0.0430999
-0.0419824
-0.0396987
-0.0362475
-0.0316323
-0.0258617
-0.0189485
-0.0109104
-0.00176925
0.00844875
0.0197134
0.0319908
0.0452431
0.0594292
0.0745046
0.090422
0.107131
0.124578
0.142709
0.161464
0.180786
0.200611
0.220877
0.241519
0.262472
0.283668
0.30504
0.326519
0.348037
0.369525
0.390915
0.412137
0.433124
0.453809
0.474124
0.494004
0.513385
0.532205
0.550403
0.56792
0.584699
0.600686
0.615829
0.63008
0.643394
0.655728
0.667043
0.677304
0.686481
0.694546
0.701477
0.707257
0.711872
0.715312
0.717576
0.718665
0.718585
0.717348
0.714972
0.711478
0.706893
0.701249
0.694583
0.686934
0.678347
0.668868
0.658548
0.647437
0.635587
0.623049
0.609872
0.596103
0.581781
0.566944
0.551654
0.535842
0.518752
0.502278
0.188856
0.170753
0.152067
0.134899
0.118408
0.10251
0.0872617
0.0726923
0.058832
0.0457166
0.0333853
0.0218791
0.0112395
0.00150796
-0.0072754
-0.0150724
-0.0218474
-0.0275679
-0.0322049
-0.0357333
-0.0381321
-0.0393846
-0.0394788
-0.0384068
-0.0361657
-0.0327568
-0.0281863
-0.0224645
-0.0156062
-0.00763047
0.00143959
0.0115769
0.0227505
0.0349259
0.048065
0.0621267
0.0770665
0.0928372
0.109389
0.126668
0.144621
0.163191
0.182317
0.20194
0.221998
0.242426
0.26316
0.284134
0.305281
0.326534
0.347826
0.36909
0.390256
0.411258
0.432029
0.452503
0.472613
0.492296
0.511488
0.530127
0.548153
0.565508
0.582136
0.597983
0.612998
0.627131
0.640339
0.652577
0.663807
0.673994
0.683105
0.691114
0.697995
0.70373
0.708304
0.711705
0.713929
0.714974
0.714843
0.713545
0.711093
0.707505
0.702803
0.697012
0.690165
0.682294
0.673437
0.663635
0.652928
0.641361
0.628976
0.615817
0.601923
0.587334
0.57208
0.556192
0.539728
0.522607
0.503991
0.485972
0.204365
0.184743
0.164546
0.146072
0.128401
0.111437
0.0952339
0.0798165
0.0652076
0.051436
0.0385334
0.0265334
0.0154704
0.00537855
-0.00370892
-0.0117604
-0.0187465
-0.0246406
-0.029419
-0.0330619
-0.0355528
-0.0368794
-0.0370334
-0.0360106
-0.033811
-0.030439
-0.0259029
-0.0202154
-0.0133932
-0.00545691
0.00356903
0.0136564
0.0247734
0.0368849
0.0499522
0.063934
0.0787855
0.0944595
0.110906
0.128073
0.145906
0.164348
0.183341
0.202824
0.222737
0.243016
0.263597
0.284415
0.305405
0.3265
0.347633
0.368739
0.389749
0.410598
0.43122
0.451548
0.471518
0.491066
0.51013
0.528648
0.54656
0.56381
0.58034
0.596098
0.611032
0.625094
0.638237
0.650419
0.6616
0.671743
0.680817
0.688792
0.695643
0.701349
0.705892
0.709261
0.711446
0.712444
0.712254
0.710883
0.708339
0.704635
0.699789
0.693823
0.686761
0.678632
0.669467
0.6593
0.648165
0.636099
0.623137
0.609317
0.594671
0.579229
0.563017
0.546061
0.528415
0.509987
0.489862
0.470325
0.219072
0.197957
0.176268
0.156493
0.137637
0.119594
0.102418
0.0861276
0.0707412
0.0562814
0.0427738
0.0302455
0.0187245
0.00823867
-0.00118502
-0.00952091
-0.0167453
-0.0228371
-0.0277777
-0.031552
-0.034148
-0.0355576
-0.0357761
-0.0348028
-0.0326409
-0.0292976
-0.0247838
-0.0191143
-0.0123077
-0.00438654
0.00462338
0.0146926
0.0257882
0.0378742
0.0509114
0.0648578
0.0796685
0.0952959
0.11169
0.128799
0.146569
0.164942
0.183861
0.203267
0.223097
0.243291
0.263784
0.284512
0.305411
0.326414
0.347456
0.36847
0.389392
0.410153
0.43069
0.450937
0.47083
0.490306
0.509303
0.527759
0.545615
0.562815
0.579301
0.595021
0.609923
0.623957
0.637079
0.649244
0.660412
0.670545
0.679611
0.687578
0.694419
0.700113
0.704639
0.707983
0.710134
0.711085
0.710833
0.70938
0.70673
0.702894
0.697884
0.691718
0.684415
0.675997
0.666492
0.655925
0.644327
0.631727
0.618155
0.603641
0.588212
0.571893
0.554704
0.536665
0.517833
0.498102
0.476487
0.455458
0.232868
0.210283
0.18712
0.166051
0.146008
0.126878
0.108713
0.0915302
0.0753432
0.0601694
0.0460292
0.0329443
0.020937
0.0100296
0.000243432
-0.00840116
-0.0158858
-0.0221943
-0.027313
-0.0312312
-0.0339413
-0.0354389
-0.0357232
-0.0347968
-0.032666
-0.0293408
-0.0248347
-0.0191648
-0.0123519
-0.00442001
0.00460323
0.014687
0.0257973
0.037897
0.0509462
0.0649023
0.0797197
0.0953507
0.111745
0.128851
0.146613
0.164976
0.183881
0.20327
0.223081
0.243253
0.263723
0.284426
0.305299
0.326276
0.347292
0.368282
0.389179
0.409919
0.430436
0.450666
0.470545
0.490011
0.509001
0.527454
0.545312
0.562516
0.579012
0.594744
0.609662
0.623716
0.636859
0.649048
0.660239
0.670396
0.679484
0.687469
0.694325
0.700025
0.70455
0.707881
0.710005
0.710912
0.710597
0.709057
0.706294
0.702313
0.697124
0.690738
0.683171
0.674441
0.664568
0.653575
0.641485
0.628323
0.614112
0.598878
0.582643
0.565426
0.547244
0.528114
0.508092
0.487065
0.463975
0.441478
0.245655
0.221621
0.196999
0.174641
0.153411
0.133187
0.114022
0.0959326
0.0789266
0.0630181
0.0482231
0.0345587
0.0220423
0.0106911
0.000521614
-0.00845081
-0.0162126
-0.0227522
-0.0280605
-0.0321309
-0.03496
-0.0365472
-0.0368952
-0.03601
-0.0339009
-0.0305807
-0.0260655
-0.0203749
-0.0135315
-0.00556157
0.00350571
0.013638
0.0248
0.0369535
0.0500576
0.0640687
0.0789409
0.0946258
0.111073
0.128229
0.146041
0.164451
0.183402
0.202835
0.222689
0.242903
0.263413
0.284156
0.305068
0.326084
0.34714
0.36817
0.389109
0.409891
0.430453
0.45073
0.470658
0.490174
0.509218
0.527727
0.545643
0.562908
0.579466
0.595263
0.610247
0.624367
0.637575
0.649828
0.661082
0.671297
0.680438
0.688471
0.695365
0.701094
0.705635
0.708967
0.711074
0.711944
0.711568
0.70994
0.707059
0.702926
0.697546
0.690927
0.683079
0.674017
0.663756
0.652314
0.639709
0.62596
0.611089
0.595113
0.578053
0.559923
0.540735
0.520507
0.499295
0.476977
0.452427
0.428481
0.257342
0.231876
0.205808
0.182167
0.159751
0.138428
0.118256
0.0992463
0.0814066
0.064747
0.0492797
0.0350176
0.0219741
0.0101618
-0.000407077
-0.00972175
-0.017773
-0.0245537
-0.0300588
-0.0342859
-0.0372352
-0.03891
-0.0393163
-0.0384634
-0.0363638
-0.0330329
-0.0284895
-0.0227555
-0.015856
-0.00781887
0.00132471
0.0115408
0.0227927
0.035041
0.0482436
0.062356
0.0773315
0.0931209
0.109673
0.126936
0.144853
0.163369
0.182425
0.201963
0.221922
0.242239
0.262853
0.2837
0.304716
0.325837
0.346997
0.368133
0.389178
0.410068
0.430738
0.451125
0.471164
0.490793
0.50995
0.528575
0.546606
0.563988
0.580663
0.596576
0.611674
0.625907
0.639226
0.651585
0.662941
0.673252
0.68248
0.69059
0.69755
0.703331
0.707907
0.711257
0.713361
0.714203
0.713772
0.712059
0.709059
0.70477
0.699192
0.692329
0.684189
0.674781
0.664116
0.652206
0.639068
0.624715
0.609164
0.59243
0.574529
0.555473
0.535271
0.513939
0.491536
0.467932
0.441934
0.416556
0.267845
0.240961
0.213457
0.188538
0.164935
0.142511
0.121323
0.101385
0.0827005
0.0652768
0.0491234
0.0342498
0.0206653
0.00837908
-0.00260093
-0.012268
-0.0206169
-0.0276444
-0.0333496
-0.0377339
-0.0408011
-0.042558
-0.0430141
-0.0421818
-0.0400765
-0.0367167
-0.0321236
-0.0263216
-0.0193379
-0.0112028
-0.00194902
0.00838765
0.019769
0.0321541
0.0454998
0.0597605
0.0748885
0.0908339
0.107545
0.124968
0.143048
0.161728
0.180949
0.200653
0.220777
0.241262
0.262043
0.283058
0.304243
0.325532
0.346863
0.368168
0.389384
0.410446
0.431289
0.451849
0.472062
0.491865
0.511196
0.529994
0.5482
0.565754
0.582599
0.598681
0.613945
0.628339
0.641815
0.654324
0.665822
0.676265
0.685616
0.693835
0.70089
0.706749
0.711384
0.714771
0.716887
0.717715
0.717238
0.715447
0.71233
0.707884
0.702106
0.694994
0.686554
0.676789
0.665708
0.653318
0.639632
0.624661
0.608416
0.59091
0.572156
0.552164
0.53094
0.5085
0.484905
0.46002
0.432583
0.405785
0.277086
0.248793
0.21986
0.193666
0.168877
0.145348
0.12314
0.102266
0.0827268
0.0645292
0.0476792
0.0321835
0.0180483
0.00527902
-0.00611991
-0.0161454
-0.0247961
-0.0320726
-0.0379775
-0.0425158
-0.045695
-0.0475253
-0.0480194
-0.0471929
-0.0450642
-0.0416545
-0.0369877
-0.0310907
-0.0239931
-0.0157271
-0.00632762
0.00416788
0.0157195
0.0282848
0.0418194
0.0562763
0.0716069
0.0877602
0.104684
0.122323
0.140623
0.159525
0.178971
0.198901
0.219254
0.239968
0.26098
0.282227
0.303645
0.325168
0.346733
0.368274
0.389726
0.411024
0.432103
0.452899
0.473349
0.493387
0.512953
0.531985
0.550422
0.568206
0.585277
0.601581
0.617061
0.631666
0.645345
0.658049
0.669731
0.680348
0.689857
0.698221
0.705402
0.711367
0.716086
0.719531
0.721679
0.722508
0.721999
0.720137
0.716912
0.712313
0.706334
0.698973
0.690228
0.6801
0.668595
0.655716
0.641472
0.625871
0.608922
0.590634
0.571017
0.55008
0.527829
0.504277
0.479489
0.453323
0.424454
0.396245
0.284989
0.255293
0.224936
0.197468
0.171491
0.146854
0.123622
0.101805
0.0814051
0.0624259
0.0448719
0.0287469
0.0140543
0.000796403
-0.0110256
-0.0214121
-0.0303652
-0.0378889
-0.0439895
-0.0486753
-0.0519574
-0.053849
-0.0543663
-0.0535279
-0.0513551
-0.047872
-0.0431051
-0.0370839
-0.0298402
-0.0214086
-0.011826
-0.0011317
0.0106326
0.0234229
0.0371932
0.0518954
0.0674796
0.0838938
0.101085
0.118997
0.137573
0.156757
0.176488
0.196706
0.217349
0.238356
0.259663
0.281206
0.302921
0.324743
0.346607
0.368448
0.390201
0.4118
0.433179
0.454276
0.475024
0.495361
0.515223
0.534548
0.553276
0.571345
0.588699
0.605278
0.621028
0.635894
0.649825
0.66277
0.674681
0.685511
0.695219
0.703762
0.711103
0.717205
0.722035
0.725565
0.727766
0.728614
0.728088
0.72617
0.722845
0.718101
0.711927
0.704317
0.695267
0.684775
0.672841
0.659468
0.644659
0.628421
0.610759
0.59168
0.571194
0.549305
0.52602
0.501352
0.475369
0.447924
0.417625
0.388011
0.291481
0.260385
0.228604
0.199862
0.172696
0.146948
0.122686
0.0999216
0.0786553
0.0588893
0.0406259
0.0238671
0.00861347
-0.00513539
-0.0173814
-0.028128
-0.0373805
-0.0451465
-0.0514353
-0.0562588
-0.0596312
-0.0615691
-0.0620917
-0.0612207
-0.0589804
-0.0553976
-0.0505018
-0.0443247
-0.0369008
-0.0282667
-0.0184616
-0.00752685
0.00449408
0.0175556
0.0316099
0.0466077
0.0624976
0.0792265
0.0967399
0.114982
0.133894
0.153418
0.173495
0.194062
0.215059
0.236422
0.258087
0.279991
0.302068
0.324254
0.346483
0.368689
0.390807
0.412772
0.434516
0.455977
0.477087
0.497785
0.518004
0.537684
0.556761
0.575176
0.592868
0.609779
0.625852
0.641031
0.655263
0.668497
0.680682
0.69177
0.701717
0.710478
0.718014
0.724286
0.729259
0.7329
0.735179
0.736068
0.735545
0.733587
0.730176
0.725296
0.718935
0.711082
0.70173
0.690874
0.678512
0.664641
0.649264
0.632383
0.614003
0.594128
0.572765
0.54992
0.525595
0.499807
0.472627
0.4439
0.412172
0.381152
0.29649
0.263992
0.230786
0.200768
0.172408
0.145545
0.12025
0.0965343
0.0743975
0.0538408
0.0348652
0.0174704
0.00165481
-0.0125845
-0.0252523
-0.036355
-0.045901
-0.0539008
-0.0603672
-0.0653152
-0.0687623
-0.0707282
-0.0712352
-0.0703081
-0.0679741
-0.0642628
-0.0592065
-0.0528395
-0.0451988
-0.0363233
-0.0262545
-0.0150356
-0.0027123
0.0106681
0.0250563
0.0404013
0.0566502
0.0737488
0.0916412
0.11027
0.129577
0.149503
0.169987
0.190966
0.212379
0.234161
0.256249
0.278578
0.301083
0.323698
0.346358
0.368995
0.391544
0.413939
0.436114
0.458003
0.47954
0.500661
0.5213
0.541396
0.560884
0.579702
0.597791
0.615089
0.63154
0.647086
0.661671
0.675243
0.687749
0.699141
0.709369
0.71839
0.72616
0.732637
0.737785
0.741568
0.743952
0.744909
0.744409
0.74243
0.73895
0.733949
0.727412
0.719326
0.709679
0.698463
0.685674
0.671306
0.65536
0.637834
0.618732
0.598057
0.575812
0.552005
0.526636
0.499723
0.47134
0.441328
0.408167
0.37574
0.299946
0.266042
0.231406
0.200105
0.170548
0.142566
0.116233
0.0915618
0.0685514
0.0472018
0.0275126
0.0094818
-0.00689424
-0.0216209
-0.0347055
-0.0461572
-0.0559875
-0.0642098
-0.07084
-0.0758963
-0.0793993
-0.0813718
-0.0818394
-0.0808296
-0.0783728
-0.0745016
-0.0692507
-0.0626573
-0.0547608
-0.0456028
-0.0352268
-0.0236784
-0.0110051
0.00274379
0.0175171
0.0332623
0.0499249
0.0674493
0.0857784
0.104854
0.124616
0.145004
0.165956
0.18741
0.209303
0.231569
0.254145
0.276965
0.299964
0.323074
0.346229
0.369364
0.39241
0.415302
0.437972
0.460354
0.482382
0.50399
0.525114
0.545687
0.565647
0.58493
0.603474
0.621218
0.638103
0.65407
0.669062
0.683023
0.695901
0.707642
0.718198
0.727521
0.735565
0.742287
0.747646
0.751604
0.754124
0.755175
0.754726
0.752748
0.749218
0.744114
0.737415
0.729107
0.719175
0.707607
0.694396
0.679535
0.66302
0.64485
0.625024
0.603545
0.580416
0.555641
0.529223
0.50118
0.471588
0.440284
0.405684
0.371843
0.301777
0.266458
0.230384
0.197795
0.167034
0.137927
0.110552
0.084922
0.0610356
0.038892
0.0184896
-0.000175127
-0.0171079
-0.0323163
-0.04581
-0.057601
-0.0677034
-0.0761338
-0.082911
-0.0880563
-0.0915933
-0.0935481
-0.0939493
-0.0928275
-0.0902161
-0.0861504
-0.0806682
-0.0738093
-0.0656159
-0.0561318
-0.045403
-0.0334774
-0.0204047
-0.00623611
0.00897538
0.0251753
0.0423078
0.0603155
0.07914
0.0987216
0.119
0.139912
0.161396
0.183389
0.205826
0.228642
0.251771
0.275148
0.298705
0.322377
0.346096
0.369794
0.393404
0.416858
0.44009
0.463032
0.485616
0.507777
0.529448
0.550562
0.571056
0.590865
0.609926
0.628175
0.645552
0.661996
0.677449
0.691854
0.705154
0.717296
0.728227
0.737897
0.746259
0.753266
0.758875
0.763044
0.765734
0.766911
0.766539
0.764589
0.761033
0.755845
0.749003
0.740488
0.730283
0.718374
0.704749
0.6894
0.672321
0.653507
0.632958
0.610673
0.586656
0.56091
0.533438
0.504256
0.473449
0.440845
0.404796
0.369531
0.301911
0.265166
0.227642
0.193755
0.161784
0.131546
0.103124
0.0765317
0.0517676
0.0288301
0.00771635
-0.0115786
-0.0290623
-0.0447445
-0.0586372
-0.0707549
-0.0811146
-0.0897356
-0.0966399
-0.101852
-0.105398
-0.107308
-0.107613
-0.106346
-0.103546
-0.0992483
-0.0934954
-0.0863294
-0.0777951
-0.067939
-0.0568096
-0.0444572
-0.0309335
-0.016292
-0.000587591
0.0161234
0.0337833
0.0523333
0.0717134
0.0918625
0.112719
0.134219
0.156299
0.178895
0.201941
0.225372
0.249121
0.273121
0.297305
0.321605
0.345954
0.370283
0.394524
0.418609
0.44247
0.466037
0.489244
0.512023
0.534307
0.556028
0.57712
0.597517
0.617156
0.635971
0.653899
0.67088
0.686851
0.701754
0.71553
0.728124
0.73948
0.749547
0.758272
0.765608
0.771508
0.775927
0.778825
0.780161
0.779899
0.778006
0.774449
0.769202
0.762238
0.753534
0.743072
0.730834
0.716806
0.700977
0.683339
0.663885
0.642614
0.619523
0.594615
0.567894
0.539361
0.509035
0.477003
0.443089
0.405578
0.368875
0.300275
0.262088
0.223101
0.187906
0.154714
0.123337
0.0938633
0.066306
0.0406631
0.0169326
-0.00488931
-0.0248091
-0.0428359
-0.0589817
-0.0732606
-0.0856899
-0.0962892
-0.105081
-0.112089
-0.117342
-0.12087
-0.122704
-0.122879
-0.121434
-0.118405
-0.113837
-0.107771
-0.100253
-0.0913317
-0.0810553
-0.0694751
-0.0566438
-0.0426155
-0.0274459
-0.0111919
0.00608811
0.0243348
0.0434875
0.0634847
0.0842638
0.105761
0.127913
0.150654
0.173919
0.197641
0.221754
0.246189
0.27088
0.295759
0.320756
0.345803
0.370831
0.395771
0.420554
0.445111
0.469372
0.493269
0.516733
0.539696
0.562088
0.583844
0.604894
0.625174
0.644618
0.663159
0.680736
0.697284
0.712743
0.727052
0.740152
0.751986
0.762499
0.771637
0.779349
0.785584
0.790296
0.79344
0.794974
0.794856
0.793052
0.789525
0.784244
0.777182
0.768311
0.75761
0.745059
0.730641
0.714343
0.696154
0.676066
0.654075
0.630179
0.604378
0.576677
0.547077
0.515598
0.482331
0.447093
0.408104
0.369947
0.296791
0.257146
0.216678
0.180161
0.145739
0.113216
0.0826839
0.0541581
0.0276356
0.00311399
-0.0194117
-0.0399492
-0.0585095
-0.0751064
-0.0897567
-0.10248
-0.113298
-0.122237
-0.129324
-0.13459
-0.138067
-0.139792
-0.139803
-0.138139
-0.134842
-0.129959
-0.123535
-0.115619
-0.106261
-0.0955133
-0.0834296
-0.0700651
-0.0554764
-0.0397213
-0.0228592
-0.00495019
0.0139442
0.0337617
0.0544391
0.0759121
0.098116
0.120985
0.144453
0.168453
0.192918
0.21778
0.242971
0.268421
0.294062
0.319825
0.345639
0.371435
0.397143
0.422694
0.448016
0.473039
0.497694
0.521911
0.54562
0.568752
0.591237
0.613006
0.633993
0.654129
0.673347
0.691582
0.708768
0.724843
0.739742
0.753406
0.765773
0.776786
0.786389
0.794526
0.801144
0.806195
0.809628
0.811399
0.811465
0.809784
0.80632
0.801036
0.793902
0.784889
0.773971
0.761125
0.746333
0.729578
0.710848
0.690133
0.667426
0.642726
0.616031
0.587346
0.556672
0.52403
0.489515
0.452939
0.412454
0.372823
0.291382
0.250257
0.20829
0.170436
0.13477
0.101092
0.069496
0.0399985
0.0125962
-0.0127139
-0.0359377
-0.0570844
-0.0761666
-0.0932002
-0.108204
-0.121201
-0.132215
-0.141275
-0.148412
-0.153659
-0.157052
-0.158631
-0.158437
-0.156513
-0.152905
-0.147662
-0.140831
-0.132466
-0.12262
-0.111348
-0.0987051
-0.0847506
-0.0695432
-0.0531432
-0.0356122
-0.0170124
0.00259265
0.0231388
0.0445609
0.0667933
0.0897696
0.113423
0.137685
0.162489
0.187765
0.213445
0.239459
0.265738
0.292211
0.318809
0.34546
0.372094
0.39864
0.425028
0.451184
0.47704
0.502523
0.527562
0.552086
0.576025
0.599308
0.621864
0.643624
0.664518
0.684478
0.703436
0.721324
0.738076
0.753628
0.767914
0.780873
0.792442
0.802564
0.811179
0.818232
0.823669
0.827438
0.829491
0.829781
0.828263
0.824897
0.819644
0.812469
0.803341
0.79223
0.779111
0.763962
0.746766
0.727506
0.706171
0.682755
0.657252
0.629663
0.599989
0.568234
0.534418
0.498643
0.460712
0.418708
0.37758
0.283965
0.241336
0.197848
0.15864
0.121717
0.0868737
0.0542071
0.0237346
-0.00454727
-0.0306423
-0.0545574
-0.0763031
-0.0958938
-0.113347
-0.128685
-0.141933
-0.153117
-0.162269
-0.169423
-0.174617
-0.177889
-0.179282
-0.178841
-0.176612
-0.172646
-0.166992
-0.159704
-0.150837
-0.140448
-0.128594
-0.115335
-0.100731
-0.0848445
-0.0677378
-0.0494748
-0.0301204
-0.00973996
0.0116003
0.0338336
0.0568924
0.0807087
0.105214
0.130339
0.156015
0.182172
0.20874
0.235648
0.262825
0.290201
0.317704
0.345263
0.372806
0.400261
0.427556
0.454619
0.481377
0.507759
0.53369
0.559101
0.583917
0.608066
0.631478
0.65408
0.675801
0.69657
0.716317
0.734973
0.752468
0.768734
0.783706
0.797316
0.809502
0.8202
0.82935
0.836891
0.842767
0.846922
0.849304
0.849863
0.84855
0.845322
0.840136
0.832955
0.823741
0.812465
0.799097
0.783613
0.765991
0.746216
0.724273
0.700153
0.673851
0.645366
0.6147
0.581855
0.546854
0.509802
0.470497
0.42695
0.3843
0.274454
0.230296
0.185261
0.14468
0.106486
0.0704658
0.0367215
0.00527079
-0.0238902
-0.0507659
-0.0753641
-0.097697
-0.117781
-0.135636
-0.151285
-0.164757
-0.176082
-0.185295
-0.192432
-0.197534
-0.200644
-0.201808
-0.201074
-0.198492
-0.194116
-0.188
-0.180201
-0.170776
-0.159786
-0.147291
-0.133354
-0.118039
-0.10141
-0.0835321
-0.0644722
-0.0442971
-0.0230744
-0.000872421
0.0222401
0.0461939
0.0709192
0.0963462
0.122404
0.149023
0.176131
0.203657
0.23153
0.259677
0.288027
0.316508
0.345047
0.37357
0.402006
0.430281
0.458321
0.486054
0.513405
0.540302
0.566669
0.592434
0.617523
0.641861
0.665375
0.687993
0.709641
0.730246
0.749737
0.768042
0.78509
0.800812
0.815139
0.828003
0.839339
0.849082
0.857169
0.863539
0.868134
0.870896
0.871772
0.870711
0.867664
0.862586
0.855434
0.84617
0.834758
0.821168
0.805371
0.787345
0.767069
0.744529
0.719713
0.692616
0.663235
0.631573
0.59763
0.561432
0.523086
0.482386
0.43727
0.393068
0.262759
0.217042
0.170434
0.128459
0.0889778
0.0517689
0.0169393
-0.0154928
-0.0455318
-0.0731828
-0.0984548
-0.121362
-0.141921
-0.160156
-0.176092
-0.189761
-0.201195
-0.210432
-0.217513
-0.222482
-0.225386
-0.226274
-0.225198
-0.222212
-0.217372
-0.210738
-0.202369
-0.192327
-0.180675
-0.167477
-0.152799
-0.136707
-0.11927
-0.100555
-0.08063
-0.0595659
-0.0374321
-0.014299
0.00976262
0.0346817
0.060387
0.0868066
0.113869
0.141502
0.169633
0.198189
0.227099
0.256289
0.285686
0.315216
0.344807
0.374384
0.403873
0.433201
0.462292
0.491073
0.519468
0.547402
0.5748
0.601586
0.627686
0.653024
0.677524
0.70111
0.723709
0.745243
0.76564
0.784825
0.802724
0.819265
0.834375
0.847984
0.860022
0.870421
0.879115
0.886039
0.89113
0.894328
0.895574
0.894813
0.891994
0.887067
0.879985
0.870707
0.859194
0.845411
0.829328
0.810919
0.790161
0.767037
0.741536
0.713648
0.683372
0.650708
0.615659
0.578249
0.538592
0.496473
0.449758
0.403973
0.248785
0.201478
0.153268
0.109876
0.0690893
0.0306792
-0.00524353
-0.0386602
-0.0695755
-0.0979956
-0.123931
-0.147396
-0.168412
-0.187003
-0.203199
-0.217032
-0.22854
-0.237764
-0.244748
-0.249539
-0.252188
-0.252749
-0.251278
-0.247832
-0.242472
-0.23526
-0.22626
-0.215537
-0.203159
-0.189192
-0.173706
-0.156771
-0.138457
-0.118834
-0.0979749
-0.0759512
-0.0528352
-0.0286995
-0.00361681
0.0223398
0.0490972
0.0765821
0.104721
0.133441
0.162668
0.192328
0.222348
0.252654
0.283171
0.313825
0.344541
0.375246
0.405863
0.436317
0.466534
0.496437
0.525949
0.554996
0.583499
0.611382
0.638568
0.66498
0.690539
0.715169
0.738792
0.76133
0.782707
0.802844
0.821666
0.839097
0.855061
0.869484
0.882292
0.893415
0.902781
0.910321
0.915969
0.919661
0.921333
0.920928
0.918387
0.913658
0.906691
0.89744
0.885862
0.87192
0.855579
0.836811
0.815591
0.7919
0.765722
0.73705
0.705879
0.67221
0.636046
0.597411
0.556423
0.51286
0.464514
0.41711
0.232433
0.183501
0.133656
0.0888238
0.0467129
0.00708809
-0.029936
-0.0643401
-0.0961295
-0.125311
-0.151897
-0.175904
-0.197355
-0.216277
-0.232701
-0.246665
-0.258208
-0.267376
-0.274217
-0.278782
-0.281126
-0.281306
-0.279382
-0.275416
-0.269474
-0.261621
-0.251925
-0.240456
-0.227283
-0.212479
-0.196115
-0.178265
-0.159002
-0.1384
-0.116534
-0.0934774
-0.0693058
-0.0440939
-0.0179165
0.00915145
0.0370351
0.0656594
0.0949496
0.124831
0.155228
0.186066
0.217271
0.248766
0.280478
0.31233
0.344247
0.376154
0.407974
0.43963
0.471048
0.502148
0.532854
0.563089
0.592774
0.62183
0.650179
0.677741
0.704437
0.730187
0.754911
0.778529
0.800961
0.822127
0.841948
0.860343
0.877235
0.892544
0.906195
0.918111
0.928218
0.936442
0.942713
0.946961
0.949121
0.949127
0.94692
0.942441
0.935637
0.926457
0.914855
0.900789
0.884223
0.865123
0.843463
0.819221
0.792381
0.762931
0.730867
0.696189
0.658899
0.619023
0.576684
0.531651
0.481639
0.43258
0.213597
0.163004
0.11149
0.0651904
0.0217354
-0.0191184
-0.0572522
-0.0926464
-0.125307
-0.155242
-0.182465
-0.206995
-0.228856
-0.248079
-0.264699
-0.278755
-0.290293
-0.299359
-0.306008
-0.310294
-0.312276
-0.312016
-0.309578
-0.30503
-0.29844
-0.289879
-0.279419
-0.267132
-0.253094
-0.237379
-0.220064
-0.201225
-0.180939
-0.159283
-0.136334
-0.112169
-0.0868667
-0.0605028
-0.0331548
-0.00489969
0.0241859
0.0540253
0.0845421
0.11566
0.147303
0.179395
0.21186
0.244621
0.277603
0.310728
0.343922
0.377107
0.410205
0.443141
0.475835
0.50821
0.540187
0.571688
0.602632
0.632939
0.662529
0.69132
0.719231
0.74618
0.772085
0.796862
0.820429
0.842702
0.8636
0.883038
0.900935
0.917208
0.931777
0.944561
0.955481
0.964461
0.971424
0.976296
0.979007
0.979488
0.977673
0.9735
0.966911
0.95785
0.946268
0.932119
0.915362
0.895961
0.873887
0.849114
0.821624
0.791405
0.758451
0.72276
0.684335
0.643202
0.599489
0.552958
0.501242
0.450488
0.192166
0.139871
0.0866524
0.038858
-0.00596232
-0.04806
-0.0873121
-0.123699
-0.157227
-0.187905
-0.21575
-0.240781
-0.263026
-0.282519
-0.299297
-0.313405
-0.32489
-0.333806
-0.340209
-0.344158
-0.345719
-0.344956
-0.34194
-0.336742
-0.329434
-0.320093
-0.308795
-0.295616
-0.280637
-0.263936
-0.245593
-0.225688
-0.204301
-0.181513
-0.157403
-0.132052
-0.10554
-0.0779463
-0.04935
-0.01983
0.010535
0.0416668
0.0734874
0.105919
0.138885
0.172307
0.206108
0.240211
0.27454
0.309016
0.343563
0.378103
0.412557
0.446848
0.480898
0.514625
0.547952
0.580797
0.613079
0.644717
0.675628
0.705729
0.734937
0.763167
0.790333
0.816351
0.841135
0.864598
0.886654
0.907217
0.9262
0.943518
0.959084
0.972815
0.984627
0.994438
1.00217
1.00774
1.01107
1.01209
1.01073
1.00692
1.00061
0.991718
0.980204
0.966015
0.949106
0.929437
0.906976
0.881694
0.853571
0.822592
0.78875
0.752044
0.712474
0.670068
0.624957
0.576897
0.523438
0.470946
0.168022
0.113984
0.0590209
0.00970208
-0.0365059
-0.079863
-0.120242
-0.157623
-0.192013
-0.223424
-0.251872
-0.277381
-0.299981
-0.319708
-0.336605
-0.350719
-0.362103
-0.370814
-0.376913
-0.380465
-0.381539
-0.380206
-0.376541
-0.370619
-0.36252
-0.352323
-0.34011
-0.325962
-0.309962
-0.292194
-0.272743
-0.25169
-0.229122
-0.20512
-0.179769
-0.153151
-0.125349
-0.0964446
-0.0665199
-0.0356555
-0.00393179
0.0285712
0.0617741
0.0955979
0.129964
0.164794
0.200009
0.235532
0.271285
0.307189
0.343167
0.379139
0.415028
0.450754
0.486236
0.521396
0.556152
0.590422
0.624123
0.657173
0.689488
0.720982
0.751569
0.781163
0.809676
0.837019
0.863105
0.887843
0.911144
0.932917
0.953072
0.971518
0.988167
1.00293
1.01571
1.02644
1.03501
1.04135
1.04538
1.04701
1.04618
1.04281
1.03682
1.02816
1.01677
1.00259
0.985567
0.965667
0.94285
0.917083
0.888345
0.856618
0.821894
0.784169
0.743443
0.699747
0.653214
0.603593
0.548349
0.494073
0.141041
0.0852145
0.0284657
-0.0224087
-0.0700279
-0.11466
-0.156175
-0.194551
-0.229798
-0.261928
-0.29096
-0.31692
-0.339842
-0.359766
-0.376737
-0.390808
-0.402036
-0.410483
-0.416216
-0.419304
-0.419822
-0.417847
-0.413457
-0.406736
-0.397765
-0.386632
-0.373421
-0.35822
-0.341116
-0.322198
-0.301553
-0.279269
-0.255434
-0.230135
-0.203458
-0.175489
-0.146314
-0.116017
-0.0846819
-0.0523916
-0.0192282
0.0147265
0.0493917
0.084687
0.120533
0.156849
0.193558
0.230579
0.267834
0.305245
0.342731
0.380216
0.417617
0.454856
0.491853
0.528525
0.56479
0.600567
0.63577
0.670315
0.704117
0.737088
0.769141
0.800185
0.830131
0.858889
0.886365
0.912467
0.937101
0.960173
0.981589
1.00125
1.01907
1.03495
1.0488
1.06052
1.07002
1.07722
1.08202
1.08435
1.08411
1.08124
1.07565
1.06729
1.05607
1.04195
1.02487
1.00478
0.981635
0.955412
0.926079
0.893617
0.858015
0.819269
0.777379
0.732374
0.684394
0.633178
0.576103
0.519996
0.111089
0.0534277
-0.00515047
-0.0576134
-0.106668
-0.152593
-0.195251
-0.234624
-0.27072
-0.303554
-0.333148
-0.35953
-0.382738
-0.402815
-0.419813
-0.433787
-0.4448
-0.45292
-0.458219
-0.460771
-0.460658
-0.457962
-0.452768
-0.445163
-0.435238
-0.423082
-0.408787
-0.392445
-0.374149
-0.353992
-0.332065
-0.308461
-0.283271
-0.256587
-0.228497
-0.199091
-0.168457
-0.136683
-0.103853
-0.070053
-0.0353673
0.000121099
0.0363299
0.0731776
0.110583
0.148466
0.186747
0.225345
0.264182
0.303178
0.342254
0.381329
0.420323
0.459156
0.497747
0.536012
0.57387
0.611236
0.648025
0.684151
0.719525
0.75406
0.787666
0.82025
0.851719
0.881981
0.910939
0.938497
0.964558
0.989023
1.01179
1.03277
1.05185
1.06895
1.08394
1.09675
1.10728
1.11542
1.12108
1.12418
1.12462
1.12233
1.11721
1.1092
1.09823
1.08422
1.06713
1.04689
1.02346
0.996815
0.96691
0.933728
0.897256
0.857488
0.814424
0.768092
0.718638
0.665791
0.606839
0.548849
0.078029
0.018481
-0.041973
-0.0960592
-0.146575
-0.193809
-0.23762
-0.277988
-0.314924
-0.348445
-0.378576
-0.405348
-0.428802
-0.448986
-0.465957
-0.479776
-0.49051
-0.498234
-0.503025
-0.504964
-0.504139
-0.500639
-0.494554
-0.485978
-0.475007
-0.461737
-0.446266
-0.428691
-0.40911
-0.38762
-0.364318
-0.339302
-0.312666
-0.284505
-0.254912
-0.22398
-0.191799
-0.158459
-0.124048
-0.0886536
-0.0523611
-0.0152554
0.0225798
0.0610617
0.100108
0.139639
0.179572
0.219828
0.260327
0.300988
0.341731
0.382478
0.423145
0.463653
0.503919
0.543861
0.583394
0.622434
0.660893
0.698685
0.735721
0.771909
0.807157
0.841372
0.874458
0.906317
0.936852
0.965963
0.993547
1.0195
1.04373
1.06611
1.08656
1.10496
1.12121
1.13521
1.14684
1.15602
1.16264
1.1666
1.1678
1.16617
1.1616
1.15403
1.14336
1.12953
1.11248
1.09215
1.06848
1.04144
1.01098
0.9771
0.939767
0.898977
0.854729
0.807052
0.756095
0.70158
0.640702
0.580774
0.0417107
-0.0197771
-0.082156
-0.137902
-0.189906
-0.238466
-0.283437
-0.324799
-0.362565
-0.396754
-0.427393
-0.454518
-0.478174
-0.498415
-0.515301
-0.5289
-0.539286
-0.546539
-0.550742
-0.551985
-0.550361
-0.545966
-0.538897
-0.529256
-0.517144
-0.502663
-0.485918
-0.467011
-0.446047
-0.423127
-0.398353
-0.371828
-0.34365
-0.313918
-0.282729
-0.250177
-0.216358
-0.181363
-0.145282
-0.108206
-0.0702203
-0.0314124
0.00813306
0.0483322
0.0891024
0.130362
0.172028
0.214022
0.256263
0.298669
0.341162
0.38366
0.426081
0.468346
0.51037
0.552071
0.593363
0.634162
0.674379
0.713926
0.752711
0.790643
0.827626
0.863566
0.898363
0.931918
0.964129
0.994891
1.0241
1.05165
1.07743
1.10133
1.12324
1.14306
1.16066
1.17595
1.1888
1.19911
1.20678
1.2117
1.21376
1.21288
1.20894
1.20188
1.19159
1.17801
1.16106
1.14069
1.11682
1.08943
1.05846
1.02389
0.985707
0.943897
0.898455
0.849414
0.796926
0.740703
0.677845
0.615923
0.00197707
-0.0615074
-0.125863
-0.183307
-0.236828
-0.286731
-0.332869
-0.375222
-0.413806
-0.44864
-0.479756
-0.507194
-0.531004
-0.551245
-0.567983
-0.581292
-0.591253
-0.597953
-0.601482
-0.601939
-0.599422
-0.594035
-0.585884
-0.575076
-0.56172
-0.545925
-0.527802
-0.50746
-0.485009
-0.460556
-0.434209
-0.406073
-0.376253
-0.344851
-0.311969
-0.277703
-0.242152
-0.205409
-0.167568
-0.12872
-0.0889543
-0.0483578
-0.00701699
0.0349835
0.07756
0.12063
0.164112
0.207925
0.251988
0.296221
0.340543
0.384873
0.429131
0.473233
0.517099
0.560642
0.60378
0.646423
0.688485
0.729876
0.770502
0.81027
0.849084
0.886845
0.923452
0.958802
0.99279
1.02531
1.05625
1.0855
1.11294
1.13846
1.16195
1.18329
1.20236
1.21904
1.23322
1.24478
1.2536
1.25958
1.2626
1.26256
1.25935
1.25288
1.24306
1.2298
1.21303
1.19266
1.16865
1.14095
1.10949
1.07427
1.03525
0.992416
0.945774
0.895348
0.8413
0.783328
0.718434
0.654457
-0.0413392
-0.106881
-0.173268
-0.232451
-0.287516
-0.338781
-0.386094
-0.429434
-0.468819
-0.504273
-0.535831
-0.563538
-0.587448
-0.607626
-0.624146
-0.637088
-0.646541
-0.652599
-0.655362
-0.654934
-0.651423
-0.644941
-0.6356
-0.623517
-0.608808
-0.59159
-0.571979
-0.550092
-0.526044
-0.49995
-0.471921
-0.44207
-0.410504
-0.377331
-0.342654
-0.306575
-0.269195
-0.230611
-0.190917
-0.150207
-0.108571
-0.066098
-0.0228757
0.0210109
0.0654775
0.110441
0.155821
0.201534
0.2475
0.29364
0.339872
0.386116
0.432291
0.478315
0.524104
0.569575
0.614643
0.659219
0.703215
0.746539
0.789099
0.830799
0.871539
0.91122
0.949738
0.986987
1.02286
1.05724
1.09002
1.12108
1.1503
1.17756
1.20274
1.22572
1.24637
1.26457
1.28019
1.29311
1.3032
1.31035
1.31443
1.31534
1.31295
1.30718
1.29791
1.28505
1.26852
1.24824
1.22414
1.19616
1.16426
1.12841
1.08856
1.04472
0.996866
0.945037
0.889396
0.829633
0.762645
0.696548
-0.0884157
-0.156078
-0.224556
-0.285519
-0.34216
-0.394805
-0.443297
-0.487618
-0.527788
-0.563833
-0.595793
-0.623718
-0.647668
-0.667716
-0.683941
-0.696433
-0.705287
-0.710607
-0.712501
-0.711083
-0.706468
-0.698778
-0.688134
-0.67466
-0.658482
-0.639722
-0.618507
-0.594958
-0.569199
-0.541349
-0.511528
-0.47985
-0.44643
-0.411378
-0.374803
-0.336811
-0.297502
-0.256979
-0.215337
-0.172672
-0.129075
-0.0846374
-0.0394465
0.00641169
0.0528526
0.0997931
0.147151
0.194846
0.242798
0.290925
0.339148
0.387387
0.435561
0.483588
0.531385
0.578868
0.625951
0.672548
0.718568
0.763918
0.808506
0.852233
0.894999
0.936702
0.977235
1.01649
1.05435
1.09071
1.12544
1.15843
1.18955
1.21867
1.24566
1.2704
1.29276
1.31259
1.32978
1.34418
1.35566
1.3641
1.36936
1.37133
1.36988
1.36489
1.35627
1.3439
1.3277
1.30757
1.28344
1.25526
1.22295
1.18649
1.14584
1.10099
1.05192
0.998673
0.941408
0.879807
0.810663
0.742378
-0.139442
-0.209294
-0.279924
-0.342713
-0.400959
-0.455002
-0.50468
-0.549974
-0.590907
-0.62751
-0.659827
-0.687915
-0.711839
-0.731681
-0.747527
-0.759476
-0.767633
-0.772109
-0.773025
-0.770501
-0.764664
-0.755645
-0.743575
-0.728587
-0.710814
-0.690389
-0.667444
-0.642111
-0.614519
-0.584794
-0.553061
-0.519442
-0.484055
-0.447015
-0.408434
-0.368421
-0.327083
-0.284521
-0.240834
-0.19612
-0.150471
-0.103978
-0.0567308
-0.00881502
0.0396845
0.0886849
0.138104
0.187862
0.237879
0.288074
0.338369
0.388684
0.438938
0.48905
0.538938
0.588518
0.637704
0.686409
0.734543
0.782013
0.828723
0.874576
0.919468
0.963297
1.00595
1.04732
1.08729
1.12574
1.16254
1.19758
1.23072
1.26182
1.29076
1.3174
1.34159
1.36319
1.38207
1.39809
1.41109
1.42095
1.42751
1.43066
1.43026
1.42618
1.41831
1.40653
1.39074
1.37084
1.34676
1.31842
1.28576
1.24873
1.2073
1.16144
1.11116
1.05646
0.99754
0.934054
0.862688
0.792142
-0.194619
-0.266733
-0.339581
-0.404243
-0.464128
-0.519587
-0.570454
-0.61671
-0.658382
-0.695506
-0.728131
-0.756318
-0.780144
-0.799696
-0.81507
-0.826375
-0.833726
-0.837245
-0.837061
-0.833307
-0.826121
-0.815643
-0.802014
-0.785378
-0.765877
-0.743654
-0.718848
-0.691601
-0.662047
-0.630321
-0.596553
-0.560871
-0.523399
-0.484256
-0.443558
-0.401418
-0.357945
-0.313242
-0.267412
-0.220552
-0.172758
-0.12412
-0.0747276
-0.024668
0.0259747
0.0771179
0.12868
0.180582
0.232744
0.285087
0.337534
0.390004
0.442419
0.494699
0.546761
0.598522
0.649898
0.7008
0.751139
0.800821
0.849751
0.897828
0.944951
0.99101
1.0359
1.0795
1.12169
1.16235
1.20135
1.23856
1.27385
1.30707
1.33809
1.36675
1.39292
1.41644
1.43716
1.45492
1.46959
1.481
1.48901
1.49347
1.49424
1.49119
1.48418
1.47309
1.45781
1.43824
1.41428
1.38585
1.35288
1.31532
1.27314
1.22629
1.17478
1.11863
1.05801
0.99259
0.918933
0.846049
-0.254161
-0.328616
-0.403752
-0.470337
-0.531895
-0.588788
-0.640845
-0.688051
-0.730434
-0.768036
-0.800911
-0.82913
-0.852775
-0.871945
-0.886745
-0.897295
-0.903721
-0.906157
-0.904743
-0.899624
-0.89095
-0.878872
-0.863543
-0.845116
-0.823745
-0.799581
-0.772775
-0.743474
-0.711823
-0.677963
-0.642031
-0.604161
-0.564481
-0.523116
-0.480186
-0.435807
-0.390091
-0.343144
-0.29507
-0.245968
-0.195933
-0.145059
-0.0934334
-0.0411436
0.0117266
0.0650951
0.118882
0.173007
0.227394
0.281964
0.336641
0.391347
0.446003
0.500531
0.554849
0.608876
0.662527
0.715715
0.76835
0.82034
0.871586
0.921989
0.971445
1.01985
1.06708
1.11302
1.15755
1.20055
1.24187
1.2814
1.31897
1.35445
1.38769
1.41853
1.44682
1.4724
1.49511
1.51478
1.53125
1.54437
1.55396
1.55988
1.56196
1.56007
1.55405
1.54378
1.52912
1.50996
1.48621
1.45776
1.42455
1.38651
1.34359
1.29577
1.24303
1.1854
1.12305
1.05565
0.979623
0.904319
-0.318298
-0.395177
-0.472676
-0.541236
-0.604502
-0.662848
-0.716097
-0.764235
-0.807297
-0.845328
-0.87839
-0.906562
-0.929937
-0.948622
-0.962736
-0.972409
-0.97778
-0.978995
-0.976209
-0.969579
-0.959266
-0.945436
-0.928253
-0.907882
-0.884488
-0.858233
-0.829276
-0.797776
-0.763885
-0.727751
-0.689519
-0.649328
-0.607313
-0.563603
-0.518322
-0.47159
-0.423521
-0.374224
-0.323804
-0.272361
-0.219992
-0.166789
-0.112841
-0.0582353
-0.00305395
0.0526217
0.108713
0.165141
0.221831
0.278706
0.335691
0.39271
0.449686
0.506542
0.563198
0.619574
0.675586
0.731148
0.786171
0.840561
0.894223
0.947054
0.99895
1.0498
1.09949
1.1479
1.1949
1.24036
1.28414
1.32611
1.36611
1.404
1.43961
1.47278
1.50335
1.53115
1.55601
1.57775
1.59619
1.61117
1.62251
1.63004
1.63358
1.63299
1.6281
1.61877
1.60485
1.58622
1.56277
1.53439
1.50099
1.46252
1.41891
1.37013
1.31616
1.25703
1.19292
1.12347
1.045
0.967191
-0.387274
-0.466668
-0.546609
-0.617202
-0.682212
-0.742028
-0.796468
-0.845519
-0.889221
-0.927626
-0.960803
-0.988842
-1.01185
-1.02993
-1.04323
-1.0519
-1.05607
-1.05591
-1.0516
-1.0433
-1.03119
-1.01544
-0.996236
-0.973757
-0.948176
-0.919668
-0.888403
-0.854548
-0.818265
-0.77971
-0.739036
-0.696387
-0.651904
-0.605722
-0.557968
-0.508765
-0.45823
-0.406474
-0.353604
-0.299721
-0.244922
-0.189299
-0.132941
-0.0759336
-0.0183582
0.0397054
0.0981796
0.156989
0.216058
0.275314
0.334683
0.394092
0.453465
0.512727
0.571802
0.630609
0.689067
0.74709
0.804591
0.861477
0.917652
0.973014
1.02746
1.08087
1.13313
1.18413
1.23372
1.28178
1.32817
1.37273
1.41531
1.45575
1.49389
1.52956
1.56258
1.59277
1.61994
1.64392
1.66451
1.68152
1.69478
1.70408
1.70926
1.71013
1.70651
1.69826
1.68521
1.66723
1.64419
1.61596
1.58247
1.54362
1.49935
1.44964
1.39444
1.33379
1.26788
1.19633
1.11533
1.03492
-0.461352
-0.543357
-0.625828
-0.698513
-0.765305
-0.826608
-0.882235
-0.932175
-0.976473
-1.01519
-1.0484
-1.07621
-1.09873
-1.11609
-1.12844
-1.13595
-1.13876
-1.13707
-1.13106
-1.12092
-1.10682
-1.08898
-1.06758
-1.04282
-1.01488
-0.983943
-0.950201
-0.913827
-0.874992
-0.833862
-0.790595
-0.745345
-0.698257
-0.64947
-0.599116
-0.547322
-0.494206
-0.439882
-0.384458
-0.328035
-0.27071
-0.212576
-0.15372
-0.0942257
-0.0341745
0.0263562
0.087291
0.148556
0.21008
0.271791
0.333619
0.395491
0.457337
0.519082
0.580653
0.641972
0.702959
0.76353
0.823599
0.883075
0.941862
0.999857
1.05696
1.11305
1.16801
1.22171
1.27403
1.32483
1.37395
1.42125
1.46657
1.50973
1.55057
1.58891
1.62455
1.65731
1.68699
1.71339
1.73631
1.75555
1.77091
1.78217
1.78915
1.79165
1.78949
1.78247
1.77044
1.75323
1.73071
1.70275
1.66923
1.63007
1.58521
1.53458
1.47816
1.41597
1.34822
1.2745
1.19089
1.10777
-0.540813
-0.625534
-0.710628
-0.785468
-0.854083
-0.91689
-0.973697
-1.0245
-1.06934
-1.1083
-1.14145
-1.16892
-1.19083
-1.20733
-1.21858
-1.22476
-1.22604
-1.22264
-1.21475
-1.20256
-1.1863
-1.16617
-1.14239
-1.11514
-1.08465
-1.05111
-1.01471
-0.975644
-0.934089
-0.890221
-0.844206
-0.796204
-0.746368
-0.694839
-0.641756
-0.587246
-0.531433
-0.474429
-0.416345
-0.357282
-0.297336
-0.236599
-0.175158
-0.113095
-0.0504877
0.0125874
0.0760578
0.139853
0.203903
0.268141
0.332498
0.396906
0.461297
0.5256
0.589743
0.653652
0.717249
0.780454
0.84318
0.905339
0.966836
1.02757
1.08743
1.14631
1.20409
1.26064
1.31582
1.36949
1.42151
1.47171
1.51992
1.56597
1.60969
1.65087
1.68932
1.72484
1.75722
1.78625
1.81171
1.83337
1.85103
1.86446
1.87344
1.87776
1.87722
1.87161
1.86075
1.84447
1.82261
1.79502
1.76158
1.72219
1.67677
1.62526
1.56763
1.50389
1.43425
1.3583
1.27198
1.18605
-0.625959
-0.71351
-0.801327
-0.87839
-0.94887
-1.0132
-1.07117
-1.1228
-1.16813
-1.20724
-1.24024
-1.26724
-1.2884
-1.30388
-1.31386
-1.31853
-1.3181
-1.31279
-1.3028
-1.28838
-1.26974
-1.24712
-1.22073
-1.19081
-1.15757
-1.12122
-1.08197
-1.04003
-0.995571
-0.948794
-0.899868
-0.848959
-0.796225
-0.741814
-0.685868
-0.628517
-0.569886
-0.510091
-0.44924
-0.387436
-0.324774
-0.261345
-0.197234
-0.13252
-0.0672791
-0.00158475
0.0644938
0.130889
0.197535
0.264368
0.331323
0.398336
0.465341
0.532273
0.599062
0.665637
0.731924
0.797844
0.863316
0.92825
0.992553
1.05613
1.11886
1.18065
1.24137
1.30089
1.35907
1.41577
1.47083
1.52409
1.57537
1.62449
1.67126
1.71549
1.75695
1.79544
1.83073
1.8626
1.8908
1.91511
1.93529
1.95109
1.96229
1.96864
1.96992
1.96591
1.95641
1.94122
1.92016
1.89307
1.85981
1.82028
1.77437
1.72201
1.66318
1.59787
1.52631
1.44806
1.35892
1.27006
-0.717116
-0.807621
-0.89827
-0.977629
-1.05002
-1.11588
-1.17501
-1.22742
-1.27317
-1.31235
-1.34507
-1.37147
-1.39172
-1.40601
-1.41452
-1.41749
-1.41513
-1.40768
-1.39539
-1.3785
-1.35726
-1.33191
-1.3027
-1.26988
-1.23367
-1.19431
-1.15201
-1.10699
-1.05945
-1.00958
-0.957573
-0.903594
-0.847809
-0.790371
-0.731425
-0.671104
-0.609535
-0.546834
-0.48311
-0.418465
-0.352994
-0.286784
-0.219919
-0.152475
-0.0845259
-0.0161404
0.0526155
0.121678
0.190986
0.260479
0.330097
0.399779
0.469466
0.539093
0.608598
0.677912
0.746965
0.815682
0.883983
0.951782
1.01899
1.08551
1.15123
1.21604
1.27982
1.34244
1.40377
1.46364
1.5219
1.57839
1.63291
1.68529
1.73532
1.78279
1.82747
1.86915
1.90758
1.94251
1.97371
2.0009
2.02383
2.04225
2.05588
2.06449
2.06782
2.06562
2.05766
2.04374
2.02365
1.99721
1.96427
1.92468
1.87835
1.8252
1.76517
1.69828
1.62475
1.54413
1.45206
1.36014
-0.814633
-0.908229
-1.00183
-1.08356
-1.1579
-1.22531
-1.28559
-1.33873
-1.38482
-1.42395
-1.45626
-1.48191
-1.50108
-1.51397
-1.52082
-1.52186
-1.51734
-1.50752
-1.49267
-1.47306
-1.44897
-1.42065
-1.38838
-1.35242
-1.31301
-1.27041
-1.22484
-1.17654
-1.12572
-1.07257
-1.0173
-0.960086
-0.901091
-0.840477
-0.77839
-0.714969
-0.650339
-0.584618
-0.517916
-0.450331
-0.381957
-0.312881
-0.243181
-0.172931
-0.102201
-0.031056
0.0404428
0.112236
0.184268
0.256481
0.328822
0.401235
0.473664
0.546052
0.618339
0.690461
0.762353
0.833943
0.905156
0.975909
1.04611
1.11567
1.18449
1.25244
1.31942
1.38528
1.44988
1.51308
1.57472
1.6346
1.69256
1.74839
1.80188
1.8528
1.90094
1.94603
1.98784
2.02609
2.06052
2.09084
2.11679
2.13808
2.15442
2.16553
2.17114
2.17098
2.1648
2.15235
2.13341
2.10778
2.07528
2.03576
1.9891
1.9352
1.874
1.80552
1.72997
1.6469
1.55177
1.45666
-0.918891
-1.01573
-1.1124
-1.1966
-1.27294
-1.34191
-1.4033
-1.45712
-1.50345
-1.54242
-1.57417
-1.59889
-1.61678
-1.62806
-1.63301
-1.63187
-1.62493
-1.61247
-1.5948
-1.57221
-1.54499
-1.51344
-1.47785
-1.43849
-1.39563
-1.34955
-1.30049
-1.24869
-1.19437
-1.13775
-1.07903
-1.0184
-0.956031
-0.892087
-0.826718
-0.760063
-0.692249
-0.623395
-0.553608
-0.482986
-0.41162
-0.339592
-0.266979
-0.193851
-0.120273
-0.0463038
0.0279989
0.102582
0.177393
0.252383
0.327503
0.402703
0.477932
0.553138
0.628268
0.703263
0.778063
0.8526
0.926804
1.0006
1.07389
1.14659
1.21861
1.28982
1.36011
1.42934
1.49738
1.56407
1.62924
1.69271
1.75429
1.81377
1.87093
1.92555
1.97737
2.02613
2.07157
2.1134
2.15134
2.18508
2.21432
2.23876
2.25808
2.27197
2.28014
2.28228
2.27811
2.26736
2.24978
2.22515
2.19325
2.15392
2.10701
2.05243
1.99009
1.92001
1.84239
1.75678
1.65848
1.56001
-1.0303
-1.13054
-1.23044
-1.31718
-1.39558
-1.46612
-1.52859
-1.58301
-1.62949
-1.66816
-1.69918
-1.72276
-1.73914
-1.74858
-1.75135
-1.74776
-1.73812
-1.72274
-1.70195
-1.67608
-1.64544
-1.61037
-1.57116
-1.52813
-1.48157
-1.43175
-1.37895
-1.32341
-1.26538
-1.20508
-1.14272
-1.07849
-1.01258
-0.945147
-0.87635
-0.806327
-0.735206
-0.663105
-0.590129
-0.516374
-0.441928
-0.366869
-0.29127
-0.215195
-0.138704
-0.0618519
0.0153106
0.092736
0.170379
0.248196
0.326145
0.404181
0.482261
0.56034
0.638369
0.716297
0.794068
0.871622
0.948891
1.0258
1.10228
1.17822
1.25354
1.32813
1.40186
1.4746
1.54622
1.61656
1.68543
1.75267
1.81808
1.88142
1.94249
2.00103
2.05679
2.10948
2.15883
2.20453
2.24627
2.28372
2.31657
2.34446
2.36706
2.38404
2.39506
2.39978
2.3979
2.3891
2.37312
2.34968
2.31857
2.27958
2.23254
2.17735
2.11391
2.0422
1.96248
1.87424
1.77261
1.67063
-1.14931
-1.25313
-1.35641
-1.4458
-1.5263
-1.59841
-1.66193
-1.71688
-1.76338
-1.80158
-1.83167
-1.8539
-1.86852
-1.87584
-1.87615
-1.8698
-1.85714
-1.83851
-1.81428
-1.7848
-1.75043
-1.71151
-1.66839
-1.62139
-1.57083
-1.51701
-1.4602
-1.40069
-1.33871
-1.27451
-1.20831
-1.1403
-1.07067
-0.999588
-0.927216
-0.853691
-0.77914
-0.703679
-0.627412
-0.550431
-0.47282
-0.394654
-0.315998
-0.236913
-0.157452
-0.0776636
0.00240871
0.0827238
0.163244
0.243932
0.324752
0.405669
0.486646
0.567644
0.648623
0.729537
0.810338
0.890971
0.971375
1.05148
1.13122
1.2105
1.28923
1.3673
1.4446
1.521
1.59634
1.67049
1.74325
1.81446
1.88389
1.95132
2.01653
2.07925
2.13921
2.19612
2.24967
2.29954
2.3454
2.38689
2.42367
2.45535
2.48158
2.50197
2.51617
2.52379
2.5245
2.51794
2.50381
2.48181
2.45168
2.4132
2.36617
2.31045
2.24594
2.17262
2.09074
1.99977
1.89465
1.78897
-1.27642
-1.38402
-1.49084
-1.58299
-1.66564
-1.73934
-1.80385
-1.85923
-1.9056
-1.94315
-1.9721
-1.99271
-2.00529
-2.01017
-2.0077
-1.99825
-1.98222
-1.95998
-1.93195
-1.89851
-1.86005
-1.81695
-1.76959
-1.7183
-1.66343
-1.60531
-1.54423
-1.48047
-1.41431
-1.34599
-1.27573
-1.20374
-1.13022
-1.05533
-0.979233
-0.90207
-0.823967
-0.745036
-0.665378
-0.585083
-0.504228
-0.422882
-0.341106
-0.258953
-0.17647
-0.0936973
-0.0106719
0.0725732
0.156008
0.239603
0.323332
0.407167
0.491078
0.575036
0.659007
0.742955
0.826837
0.910607
0.994211
1.07759
1.16067
1.24337
1.32561
1.40728
1.48827
1.56845
1.64768
1.7258
1.80264
1.87799
1.95167
2.02343
2.09302
2.16019
2.22463
2.28605
2.34412
2.39849
2.44881
2.4947
2.53576
2.57161
2.60182
2.62601
2.64374
2.65462
2.65825
2.65426
2.64228
2.62198
2.59307
2.55528
2.5084
2.45226
2.38674
2.31181
2.22771
2.1339
2.02513
1.91555
-1.41214
-1.52375
-1.6343
-1.72932
-1.81419
-1.88946
-1.95491
-2.0106
-2.05668
-2.09337
-2.12091
-2.13962
-2.14984
-2.15193
-2.14631
-2.13338
-2.11358
-2.08735
-2.05512
-2.01733
-1.9744
-1.92675
-1.87478
-1.81886
-1.75936
-1.69663
-1.63098
-1.56271
-1.49211
-1.41943
-1.3449
-1.26874
-1.19114
-1.11227
-1.0323
-0.951367
-0.869591
-0.787083
-0.703939
-0.620244
-0.53607
-0.451479
-0.366525
-0.281253
-0.195703
-0.109906
-0.0238922
0.0623154
0.148695
0.235227
0.321892
0.408673
0.495549
0.582499
0.669498
0.756518
0.843526
0.930484
1.01734
1.10406
1.19055
1.27677
1.36261
1.44799
1.53279
1.61689
1.70015
1.78241
1.8635
1.94322
2.02136
2.09767
2.17192
2.2438
2.31303
2.37928
2.4422
2.50143
2.55658
2.60724
2.65299
2.6934
2.72801
2.75638
2.77806
2.79259
2.79953
2.79845
2.78896
2.77067
2.74324
2.70637
2.65981
2.60338
2.53691
2.46037
2.374
2.27724
2.16463
2.05093
-1.55708
-1.67293
-1.78743
-1.88545
-1.97258
-2.04942
-2.11574
-2.1716
-2.2172
-2.25278
-2.27863
-2.2951
-2.30258
-2.3015
-2.29231
-2.27548
-2.25148
-2.22081
-2.18395
-2.14138
-2.09357
-2.04096
-1.98399
-1.92307
-1.85859
-1.79092
-1.72039
-1.64733
-1.57202
-1.49473
-1.41571
-1.33517
-1.25331
-1.1703
-1.08631
-1.00147
-0.915902
-0.829713
-0.742993
-0.655819
-0.568257
-0.480361
-0.392178
-0.303745
-0.21509
-0.126238
-0.0372083
0.0519855
0.141331
0.230819
0.320441
0.410187
0.500048
0.590013
0.680067
0.77019
0.860361
0.950548
1.04072
1.13082
1.2208
1.3106
1.40014
1.48933
1.57806
1.66621
1.75366
1.84023
1.92575
2.01004
2.09287
2.17399
2.25315
2.33005
2.40438
2.4758
2.54393
2.60839
2.66877
2.72461
2.77548
2.82089
2.86035
2.89336
2.91943
2.93804
2.94872
2.95097
2.94433
2.92839
2.90274
2.86705
2.82103
2.76443
2.6971
2.61896
2.53028
2.43045
2.31378
2.1957
-1.71187
-1.83226
-1.95093
-2.05208
-2.14154
-2.21992
-2.28701
-2.34289
-2.38778
-2.42196
-2.44578
-2.45963
-2.46396
-2.45926
-2.44604
-2.42482
-2.39615
-2.36056
-2.31859
-2.27077
-2.21762
-2.15961
-2.09722
-2.03091
-1.96107
-1.88811
-1.81238
-1.73422
-1.65393
-1.57178
-1.48804
-1.40291
-1.3166
-1.22928
-1.14112
-1.05225
-0.962776
-0.872807
-0.782424
-0.691698
-0.600687
-0.509436
-0.417982
-0.326352
-0.234565
-0.142636
-0.0505722
0.0416219
0.133946
0.2264
0.318987
0.411708
0.504566
0.597559
0.690684
0.783933
0.877292
0.970743
1.06426
1.1578
1.25133
1.34479
1.43811
1.5312
1.62398
1.71631
1.80808
1.89913
1.98929
2.07835
2.1661
2.25229
2.33664
2.41887
2.49862
2.57556
2.64929
2.71939
2.78542
2.8469
2.90335
2.95423
2.99903
3.03718
3.06814
3.09134
3.10622
3.11225
3.10891
3.0957
3.07219
3.03798
2.99271
2.93614
2.86803
2.78833
2.69727
2.59423
2.47328
2.35056
-1.87723
-2.00246
-2.12556
-2.23
-2.32184
-2.40174
-2.46949
-2.52519
-2.5691
-2.60155
-2.62295
-2.63375
-2.63446
-2.62564
-2.60786
-2.58172
-2.54783
-2.50678
-2.45917
-2.40559
-2.34659
-2.28271
-2.21446
-2.14232
-2.06673
-1.98811
-1.90683
-1.82326
-1.7377
-1.65043
-1.56172
-1.4718
-1.38085
-1.28907
-1.19659
-1.10355
-1.01007
-0.916227
-0.822105
-0.727763
-0.633249
-0.538601
-0.443842
-0.348991
-0.254054
-0.159035
-0.0639309
0.0312671
0.126569
0.221989
0.317539
0.413235
0.50909
0.605114
0.701317
0.7977
0.894265
0.991002
1.0879
1.18492
1.28205
1.37923
1.4764
1.5735
1.67042
1.76706
1.86331
1.959
2.05396
2.14801
2.24092
2.33244
2.42228
2.51014
2.59568
2.67851
2.75824
2.83441
2.90656
2.97416
3.0367
3.0936
3.14427
3.18811
3.22451
3.25283
3.27247
3.28279
3.28323
3.27322
3.25224
3.21984
3.17562
3.11926
3.05051
2.96927
2.87578
2.76939
2.64391
2.51622
-2.05397
-2.18437
-2.31219
-2.42007
-2.51436
-2.59574
-2.664
-2.71929
-2.76191
-2.79225
-2.81078
-2.81802
-2.81457
-2.80106
-2.77813
-2.74647
-2.70676
-2.65965
-2.60582
-2.54591
-2.48053
-2.41026
-2.33566
-2.25723
-2.17546
-2.09078
-2.00361
-1.91429
-1.82316
-1.73051
-1.6366
-1.54166
-1.4459
-1.34948
-1.25254
-1.15522
-1.05762
-0.959824
-0.861892
-0.763878
-0.66582
-0.567741
-0.469656
-0.371569
-0.273476
-0.175367
-0.0772264
0.0209671
0.119237
0.217609
0.31611
0.414767
0.513607
0.612653
0.711927
0.811445
0.911219
1.01125
1.11155
1.21209
1.31285
1.4138
1.5149
1.61607
1.71725
1.81832
1.91917
2.01967
2.11963
2.21888
2.31718
2.41429
2.50993
2.60376
2.69544
2.78457
2.87072
2.95343
3.03219
3.10645
3.17562
3.23911
3.29625
3.3464
3.38885
3.42292
3.4479
3.46312
3.46789
3.46158
3.4436
3.41342
3.37056
3.31466
3.24542
3.1627
3.06673
2.95683
2.82652
2.69353
-2.24295
-2.37893
-2.51179
-2.62328
-2.72007
-2.80286
-2.87147
-2.92607
-2.96703
-2.99481
-3.00995
-3.01306
-3.00483
-2.98597
-2.95723
-2.91938
-2.87316
-2.81934
-2.75865
-2.69179
-2.61943
-2.54221
-2.46073
-2.37553
-2.28713
-2.19599
-2.10252
-2.00712
-1.91012
-1.81181
-1.71246
-1.6123
-1.51153
-1.41031
-1.30879
-1.20707
-1.10526
-1.00343
-0.901628
-0.799897
-0.698261
-0.596732
-0.495311
-0.393987
-0.292743
-0.191557
-0.0903963
0.0107717
0.111985
0.213284
0.314709
0.416301
0.518101
0.620147
0.722474
0.825112
0.928088
1.03142
1.13512
1.23919
1.34362
1.44839
1.55346
1.65879
1.7643
1.86991
1.97551
2.08096
2.18611
2.29077
2.39471
2.49769
2.59941
2.69956
2.79776
2.89361
2.98665
3.07639
3.16229
3.24376
3.32018
3.39089
3.45516
3.51228
3.56148
3.60198
3.63301
3.65377
3.66351
3.6615
3.64705
3.61955
3.57844
3.52329
3.45373
3.36959
3.2711
3.15752
3.02208
2.88339
-2.44518
-2.58718
-2.72542
-2.84073
-2.94005
-3.02418
-3.09291
-3.1465
-3.18536
-3.21005
-3.2212
-3.21952
-3.20579
-3.18085
-3.14555
-3.10074
-3.04727
-2.986
-2.91773
-2.84323
-2.76326
-2.67848
-2.58956
-2.49707
-2.40156
-2.30351
-2.20337
-2.10154
-1.99834
-1.8941
-1.78907
-1.68347
-1.57752
-1.47135
-1.3651
-1.25889
-1.15279
-1.04686
-0.941138
-0.835658
-0.730426
-0.62544
-0.520684
-0.416135
-0.311761
-0.207522
-0.103373
0.000734411
0.104854
0.20904
0.313348
0.417836
0.522557
0.627566
0.732913
0.838644
0.9448
1.05141
1.15851
1.26612
1.37423
1.48284
1.59194
1.70148
1.81141
1.92166
2.03212
2.14269
2.25319
2.36347
2.47329
2.58241
2.69055
2.79736
2.90248
3.00548
3.10589
3.20319
3.2968
3.3861
3.47042
3.54903
3.62116
3.68601
3.74272
3.79043
3.82826
3.85533
3.87077
3.87373
3.86344
3.83915
3.80025
3.74618
3.67654
3.59108
3.49002
3.37258
3.23165
3.08683
-2.66176
-2.81027
-2.95431
-3.07363
-3.17554
-3.26088
-3.32948
-3.38165
-3.4179
-3.43888
-3.44533
-3.43808
-3.41806
-3.38619
-3.34346
-3.29084
-3.22929
-3.15974
-3.08311
-3.00024
-2.91194
-2.81896
-2.72199
-2.62166
-2.51853
-2.41313
-2.30591
-2.19727
-2.08757
-1.97711
-1.86615
-1.75492
-1.6436
-1.53234
-1.42126
-1.31045
-1.19998
-1.0899
-0.980233
-0.870985
-0.762153
-0.653716
-0.545644
-0.437897
-0.330426
-0.223176
-0.116085
-0.00908788
0.0978844
0.204903
0.312039
0.419367
0.526956
0.634877
0.743197
0.851977
0.961275
1.07114
1.18162
1.29274
1.40454
1.51701
1.63016
1.74396
1.85838
1.97335
2.0888
2.20461
2.32065
2.43674
2.55268
2.66822
2.78308
2.89693
3.00937
3.11998
3.22826
3.33368
3.43562
3.53341
3.62634
3.71361
3.79439
3.86779
3.93287
3.98866
4.03417
4.06841
4.09037
4.0991
4.09368
4.07325
4.03708
3.98452
3.91506
3.82841
3.72476
3.60325
3.45644
3.30499
-2.89396
-3.04956
-3.19984
-3.32339
-3.42791
-3.5143
-3.58245
-3.63272
-3.66574
-3.68228
-3.6832
-3.66951
-3.64224
-3.60249
-3.55136
-3.48997
-3.41939
-3.34067
-3.25481
-3.16275
-3.06537
-2.96348
-2.85781
-2.74905
-2.63778
-2.52454
-2.40982
-2.29401
-2.17748
-2.06052
-1.94341
-1.82634
-1.70949
-1.593
-1.47698
-1.3615
-1.24661
-1.13235
-1.01871
-0.905689
-0.793267
-0.681403
-0.57005
-0.459148
-0.348631
-0.238427
-0.128455
-0.0186348
0.0911214
0.200901
0.310795
0.420891
0.531278
0.642043
0.75327
0.86504
0.977427
1.0905
1.20432
1.31894
1.4344
1.55072
1.66793
1.78603
1.90498
2.02476
2.14529
2.26648
2.3882
2.51031
2.6326
2.75484
2.87675
2.99799
3.11817
3.23687
3.35356
3.46768
3.57859
3.68559
3.7879
3.88466
3.97496
4.05783
4.13223
4.19708
4.25126
4.29364
4.32309
4.33849
4.33878
4.32297
4.29016
4.2396
4.17067
4.083
3.97673
3.85095
3.69781
3.53917
-3.14319
-3.30653
-3.46355
-3.59157
-3.69871
-3.78596
-3.85324
-3.90103
-3.93009
-3.94131
-3.93576
-3.91458
-3.87899
-3.83025
-3.76962
-3.69837
-3.61771
-3.52882
-3.43278
-3.33065
-3.22336
-3.1118
-2.99676
-2.87894
-2.75897
-2.63742
-2.51475
-2.3914
-2.26772
-2.144
-2.02049
-1.89739
-1.77487
-1.65304
-1.53198
-1.41177
-1.29242
-1.17395
-1.05634
-0.939564
-0.823582
-0.708333
-0.59375
-0.479754
-0.36626
-0.253176
-0.140404
-0.0278431
0.0846109
0.197065
0.309626
0.422402
0.535499
0.649024
0.763077
0.877759
0.993163
1.10938
1.22648
1.34455
1.46364
1.5838
1.70507
1.82747
1.95099
2.07563
2.20132
2.328
2.45556
2.58387
2.71273
2.84193
2.9712
3.10021
3.22857
3.35584
3.48149
3.60494
3.72552
3.84248
3.955
4.06215
4.16294
4.2563
4.34108
4.41609
4.48006
4.53171
4.56973
4.59286
4.59985
4.58952
4.56084
4.51289
4.4449
4.35643
4.24755
4.11728
3.95731
3.79083
-3.4111
-3.5829
-3.74724
-3.87997
-3.98971
-4.07755
-4.14346
-4.18807
-4.21227
-4.21717
-4.204
-4.17413
-4.12897
-4.06998
-3.99861
-3.91628
-3.82437
-3.72418
-3.61693
-3.50375
-3.38567
-3.26364
-3.13848
-3.01096
-2.88172
-2.75134
-2.62031
-2.48904
-2.35788
-2.22713
-2.09702
-1.96772
-1.83938
-1.7121
-1.58595
-1.46095
-1.33712
-1.21444
-1.09288
-0.972391
-0.852898
-0.734326
-0.616584
-0.499575
-0.383191
-0.26732
-0.151846
-0.0366467
0.0784007
0.193422
0.308544
0.423893
0.539596
0.655776
0.772556
0.890053
1.00838
1.12765
1.24797
1.36941
1.49208
1.61603
1.74134
1.86804
1.99615
2.12567
2.25659
2.38886
2.52239
2.65705
2.79271
2.92913
3.06608
3.20322
3.34019
3.47653
3.61172
3.74515
3.87613
4.00387
4.12748
4.246
4.35833
4.46331
4.55967
4.64607
4.72109
4.78329
4.83116
4.86324
4.87807
4.87429
4.85063
4.80601
4.7395
4.6505
4.53905
4.40405
4.23671
4.06165
-3.69954
-3.88067
-4.05296
-4.19066
-4.30294
-4.391
-4.45492
-4.49547
-4.51376
-4.51111
-4.48901
-4.44904
-4.39287
-4.32219
-4.23865
-4.14388
-4.03941
-3.92669
-3.80708
-3.6818
-3.55197
-3.4186
-3.28257
-3.14467
-3.00557
-2.86585
-2.72601
-2.58645
-2.44752
-2.30948
-2.17256
-2.0369
-1.90263
-1.76983
-1.63852
-1.50872
-1.38041
-1.25356
-1.12809
-1.00394
-0.881005
-0.759192
-0.638385
-0.518463
-0.399296
-0.280753
-0.162693
-0.0449773
0.0725398
0.190004
0.307561
0.425357
0.54354
0.662253
0.781638
0.901836
1.02298
1.1452
1.26863
1.39337
1.51953
1.64722
1.77651
1.90747
2.04015
2.17459
2.31078
2.4487
2.5883
2.72948
2.87211
3.01601
3.16093
3.30658
3.45259
3.59852
3.74383
3.88792
4.03006
4.16944
4.30512
4.43605
4.56108
4.67892
4.78818
4.88736
4.97488
5.04909
5.10828
5.15073
5.17477
5.17876
5.16122
5.12081
5.05641
4.96728
4.85333
4.71335
4.538
4.35354
-4.01067
-4.2021
-4.38306
-4.526
-4.6407
-4.72851
-4.78966
-4.8251
-4.8362
-4.82455
-4.79193
-4.74023
-4.67138
-4.58735
-4.49003
-4.38126
-4.26277
-4.13618
-4.00295
-3.86444
-3.72184
-3.57622
-3.42852
-3.27954
-3.12997
-2.9804
-2.83131
-2.6831
-2.5361
-2.39055
-2.24663
-2.10449
-1.9642
-1.82581
-1.68933
-1.55474
-1.42198
-1.291
-1.16169
-1.03396
-0.907681
-0.782734
-0.658976
-0.536264
-0.414445
-0.293362
-0.172857
-0.0527648
0.0670783
0.186839
0.306685
0.426784
0.547302
0.668404
0.790254
0.913014
1.03684
1.16189
1.2883
1.41622
1.54579
1.67711
1.81031
1.94549
2.08271
2.22203
2.36351
2.50713
2.65289
2.80071
2.95049
3.10208
3.25527
3.40977
3.56525
3.72127
3.87732
4.03276
4.18687
4.3388
4.48757
4.63208
4.77106
4.90312
5.02675
5.14028
5.24194
5.32983
5.40202
5.45652
5.49135
5.5046
5.49447
5.45936
5.3979
5.30911
5.19281
5.0476
4.86353
4.66869
-4.34699
-4.54984
-4.74028
-4.88873
-5.00565
-5.09261
-5.14999
-5.17901
-5.18136
-5.15898
-5.11399
-5.04863
-4.96518
-4.8659
-4.75297
-4.62847
-4.49434
-4.35237
-4.20417
-4.0512
-3.89474
-3.73592
-3.57571
-3.41493
-3.25428
-3.09435
-2.93559
-2.7784
-2.62305
-2.46978
-2.31872
-2.16999
-2.02362
-1.87963
-1.73798
-1.59863
-1.46148
-1.32644
-1.19339
-1.06219
-0.932693
-0.804743
-0.678175
-0.552819
-0.428499
-0.305035
-0.182243
-0.0599381
0.0620663
0.183958
0.305927
0.428161
0.550847
0.674174
0.798328
0.92349
1.04984
1.17756
1.30682
1.43779
1.57063
1.70548
1.84249
1.98178
2.12347
2.26765
2.41439
2.56374
2.7157
2.87025
3.02732
3.18681
3.34852
3.51222
3.67758
3.8442
4.01158
4.17909
4.34601
4.51145
4.6744
4.8337
4.988
5.13581
5.27544
5.40507
5.5227
5.62621
5.71336
5.78185
5.82936
5.85363
5.85251
5.82403
5.7665
5.6787
5.56025
5.40957
5.216
5.00966
-4.7114
-4.92698
-5.12783
-5.28203
-5.40087
-5.48617
-5.53853
-5.55954
-5.55125
-5.51605
-5.45649
-5.37522
-5.27492
-5.15821
-5.02759
-4.88542
-4.73385
-4.57486
-4.41022
-4.24148
-4.07002
-3.89699
-3.72341
-3.55011
-3.37778
-3.20698
-3.03816
-2.87167
-2.70774
-2.54657
-2.38826
-2.23286
-2.08039
-1.9308
-1.78404
-1.63999
-1.49855
-1.35957
-1.2229
-1.08837
-0.9558
-0.825006
-0.695793
-0.567965
-0.44132
-0.315653
-0.190758
-0.0664254
0.0575538
0.18139
0.305293
0.429473
0.554142
0.679507
0.805778
0.933161
1.06186
1.19208
1.32402
1.45787
1.59382
1.73205
1.87273
2.01603
2.16209
2.31104
2.463
2.61804
2.77622
2.93756
3.10204
3.26958
3.44005
3.61324
3.78889
3.9666
4.14591
4.32621
4.50678
4.68673
4.86502
5.04043
5.21154
5.37673
5.53418
5.68188
5.81759
5.93891
6.04328
6.12804
6.19047
6.22788
6.23767
6.21746
6.16515
6.07916
5.9589
5.80252
5.59853
5.37941
-5.10734
-5.33717
-5.54945
-5.70962
-5.82992
-5.9125
-5.95828
-5.96926
-5.94804
-5.89751
-5.82075
-5.72093
-5.60119
-5.46456
-5.3139
-5.15187
-4.98087
-4.80308
-4.62041
-4.43452
-4.24684
-4.05858
-3.87077
-3.68422
-3.49962
-3.31749
-3.13824
-2.96216
-2.78945
-2.62025
-2.45461
-2.29253
-2.13397
-1.97885
-1.82705
-1.67842
-1.53281
-1.39004
-1.24991
-1.11222
-0.976754
-0.843302
-0.711638
-0.581536
-0.452767
-0.325102
-0.198308
-0.0721554
0.0535898
0.17916
0.304788
0.430705
0.557146
0.68434
0.812521
0.941918
1.07276
1.20528
1.33969
1.47623
1.61511
1.75655
1.90074
2.04789
2.19819
2.3518
2.50887
2.66955
2.83392
3.00207
3.17401
3.34973
3.52914
3.7121
3.89838
4.08766
4.27948
4.47329
4.66838
4.86387
5.0587
5.25161
5.44111
5.62549
5.80277
5.97072
6.12688
6.26853
6.39275
6.49646
6.57646
6.62955
6.65259
6.64268
6.59719
6.51411
6.39253
6.23026
6.01484
5.78143
-5.53885
-5.7847
-6.00958
-6.17588
-6.29696
-6.37542
-6.41261
-6.41111
-6.37413
-6.30523
-6.20816
-6.08668
-5.94448
-5.78507
-5.61172
-5.4274
-5.2348
-5.03627
-4.83387
-4.62936
-4.42422
-4.21969
-4.01677
-3.81628
-3.61885
-3.42495
-3.23494
-3.04904
-2.86741
-2.6901
-2.51711
-2.34838
-2.1838
-2.02324
-1.86653
-1.71347
-1.56387
-1.41748
-1.27409
-1.13344
-0.995301
-0.859409
-0.725514
-0.593362
-0.462697
-0.333262
-0.204801
-0.0770579
0.050222
0.177294
0.304415
0.431837
0.559817
0.688609
0.818467
0.949647
1.0824
1.21699
1.35366
1.49267
1.63426
1.77868
1.92619
2.077
2.23135
2.38946
2.55152
2.71772
2.88821
3.06312
3.24254
3.4265
3.615
3.80795
4.00519
4.20644
4.41133
4.61935
4.82982
5.04189
5.25451
5.46639
5.67599
5.8815
6.08079
6.27145
6.45074
6.61561
6.76272
6.88851
6.98923
7.06107
7.10023
7.10313
7.0665
6.98776
6.86555
6.69726
6.46928
6.21983
-6.01077
-6.27472
-6.5135
-6.68597
-6.80687
-6.87938
-6.90542
-6.88831
-6.8321
-6.74119
-6.62008
-6.4733
-6.30515
-6.1197
-5.92066
-5.71136
-5.49476
-5.27341
-5.04949
-4.82483
-4.60096
-4.37911
-4.16025
-3.94515
-3.73437
-3.52833
-3.32729
-3.13142
-2.94078
-2.75534
-2.57504
-2.39974
-2.22927
-2.06343
-1.90199
-1.7447
-1.59131
-1.44154
-1.29512
-1.15176
-1.01118
-0.873101
-0.737227
-0.603278
-0.470969
-0.340018
-0.210143
-0.0810649
0.0474954
0.175816
0.304174
0.432847
0.562111
0.692244
0.823525
0.956232
1.09064
1.22705
1.36571
1.50694
1.65099
1.79817
1.94873
2.10298
2.26117
2.42356
2.59042
2.76198
2.93846
3.12004
3.30688
3.4991
3.69676
3.89986
4.1083
4.3219
4.54036
4.76324
4.98993
5.21963
5.45131
5.68368
5.91518
6.14391
6.36763
6.58371
6.78913
6.9805
7.15403
7.30559
7.43079
7.52508
7.58387
7.60273
7.57757
7.50504
7.38322
7.20888
6.96706
6.69952
-6.5289
-6.81339
-7.06752
-7.24605
-7.36539
-7.42951
-7.4411
-7.4045
-7.32479
-7.2074
-7.05783
-6.88145
-6.68331
-6.46811
-6.24003
-6.00279
-5.7596
-5.5132
-5.26589
-5.01953
-4.77565
-4.53545
-4.29985
-4.06953
-3.84497
-3.62648
-3.41424
-3.2083
-3.00863
-2.81514
-2.62764
-2.44592
-2.26975
-2.09884
-1.93291
-1.77164
-1.61473
-1.46184
-1.31267
-1.16688
-1.02414
-0.884153
-0.746582
-0.611116
-0.477445
-0.345257
-0.214247
-0.0841113
0.0454524
0.174744
0.304063
0.433709
0.56398
0.695176
0.827599
0.961552
1.09734
1.23527
1.37565
1.51881
1.66504
1.81468
1.96803
2.12543
2.28719
2.45362
2.62503
2.80173
2.98399
3.17208
3.36623
3.56664
3.77345
3.98677
4.20659
4.43284
4.66531
4.90365
5.14736
5.3957
5.6477
5.90213
6.15741
6.4116
6.66233
6.90681
7.14176
7.36337
7.56738
7.74904
7.9032
8.02442
8.10716
8.14593
8.13557
8.07175
7.95173
7.7715
7.51443
7.22637
-7.10031
-7.40822
-7.67928
-7.8635
-7.97931
-8.03177
-8.02469
-7.96367
-7.85517
-7.70592
-7.52259
-7.31157
-7.0788
-6.82962
-6.56877
-6.30034
-6.02779
-5.75401
-5.48136
-5.21174
-4.94661
-4.68711
-4.43404
-4.18798
-3.94928
-3.71814
-3.4946
-3.27861
-3.07001
-2.86859
-2.67409
-2.4862
-2.30458
-2.12889
-1.95876
-1.79382
-1.6337
-1.47802
-1.3264
-1.1785
-1.03393
-0.892344
-0.753388
-0.616717
-0.48199
-0.348871
-0.217028
-0.086136
0.0441312
0.174095
0.304076
0.434396
0.565373
0.697331
0.830592
0.965485
1.10234
1.24149
1.38327
1.52803
1.67613
1.8279
1.98373
2.14396
2.30896
2.47912
2.65478
2.83633
3.02411
3.21846
3.41971
3.62815
3.84404
4.06756
4.29884
4.53793
4.78474
5.03906
5.30049
5.56843
5.84202
6.12007
6.40106
6.68304
6.96359
7.23974
7.50795
7.76405
8.00324
8.22006
8.40852
8.56213
8.67416
8.7378
8.74655
8.69474
8.57853
8.39284
8.11896
7.80752
-7.73362
-8.06837
-8.3581
-8.54719
-8.65669
-8.69315
-8.66187
-8.57021
-8.42637
-8.23869
-8.01528
-7.76375
-7.49099
-7.2031
-6.90536
-6.60221
-6.29736
-5.99378
-5.69386
-5.39944
-5.11189
-4.83221
-4.56106
-4.29886
-4.04581
-3.80193
-3.56713
-3.34121
-3.12387
-2.91478
-2.71356
-2.51981
-2.33309
-2.15296
-1.979
-1.81076
-1.64779
-1.48968
-1.336
-1.18634
-1.04029
-0.897458
-0.757463
-0.619925
-0.484477
-0.350756
-0.218408
-0.0870832
0.0435656
0.173881
0.304204
0.434876
0.566238
0.698632
0.832405
0.967906
1.10549
1.24552
1.38836
1.53438
1.68397
1.83753
1.99545
2.15814
2.32603
2.49953
2.67908
2.86512
3.05807
3.25836
3.46642
3.68264
3.90738
4.14097
4.38368
4.63568
4.89705
5.16774
5.44751
5.73591
6.03224
6.33544
6.6441
6.9563
7.26961
7.58096
7.88659
8.18196
8.4617
8.71962
8.94874
9.14137
9.2893
9.3841
9.41752
9.38213
9.27259
9.08229
8.78991
8.45172
-8.43956
-8.80521
-9.11542
-9.30792
-9.40714
-9.42173
-9.3591
-9.22889
-9.04156
-8.80747
-8.53647
-8.23755
-7.9187
-7.5868
-7.24765
-6.90605
-6.56582
-6.23001
-5.90091
-5.58025
-5.26923
-4.96864
-4.67896
-4.40038
-4.1329
-3.87636
-3.63048
-3.39487
-3.16912
-2.95272
-2.74518
-2.54598
-2.35458
-2.17046
-1.9931
-1.82198
-1.6566
-1.49648
-1.34114
-1.19012
-1.04298
-0.89929
-0.75863
-0.620594
-0.484785
-0.350819
-0.218315
-0.0869032
0.043784
0.174109
0.304434
0.435117
0.56652
0.699005
0.832939
0.968693
1.10665
1.24718
1.3907
1.5376
1.6883
1.84323
2.00284
2.16757
2.33791
2.51433
2.69733
2.88741
3.08511
3.29093
3.50539
3.72901
3.96229
4.20569
4.45963
4.72447
5.00046
5.28775
5.5863
5.89589
6.21601
6.54581
6.88403
7.2289
7.57805
7.92837
8.27595
8.6159
8.94235
9.24829
9.52565
9.76532
9.95736
10.0913
10.1566
10.1436
10.0448
9.85138
9.53874
9.16976
-9.23156
-9.63295
-9.96543
-10.1589
-10.2422
-10.227
-10.1236
-9.94472
-9.70377
-9.41359
-9.08607
-8.7318
-8.35995
-7.97817
-7.59278
-7.20878
-6.83008
-6.45963
-6.09957
-5.75139
-5.41603
-5.09402
-4.78555
-4.49055
-4.20878
-3.93983
-3.68321
-3.43834
-3.20462
-2.98141
-2.76807
-2.56394
-2.36838
-2.18078
-2.00053
-1.82703
-1.65972
-1.49805
-1.34151
-1.18958
-1.04178
-0.897647
-0.756728
-0.618588
-0.482806
-0.348972
-0.216685
-0.0855534
0.0448089
0.174783
0.304748
0.435082
0.566162
0.698371
0.832094
0.967723
1.10566
1.24631
1.3901
1.53745
1.68883
1.8447
2.00553
2.17184
2.34414
2.52298
2.70891
2.90254
3.10445
3.31526
3.53562
3.76615
4.0075
4.26028
4.52511
4.80252
5.093
5.39692
5.7145
6.0458
6.39056
6.74823
7.11781
7.49775
7.88586
8.2791
8.6735
9.06394
9.44404
9.806
10.1406
10.4371
10.6834
10.8667
10.9734
10.9908
10.9084
10.7144
10.3798
9.97522
-10.1267
-10.5696
-10.926
-11.1163
-11.1756
-11.1197
-10.9632
-10.7229
-10.4157
-10.0577
-9.6631
-9.24433
-8.81173
-8.37372
-7.93695
-7.50655
-7.08632
-6.67899
-6.28639
-5.90966
-5.54937
-5.20568
-4.87843
-4.56724
-4.27153
-3.99064
-3.72382
-3.47029
-3.22923
-2.99984
-2.78133
-2.5729
-2.37381
-2.18333
-2.00076
-1.82545
-1.65675
-1.49407
-1.33682
-1.18447
-1.03648
-0.89235
-0.751608
-0.613787
-0.478443
-0.345142
-0.213464
-0.0829994
0.046656
0.1759
0.305127
0.434732
0.565108
0.696655
0.829775
0.964878
1.10239
1.24273
1.38635
1.53372
1.68531
1.84162
2.00318
2.17054
2.34426
2.52495
2.71324
2.90979
3.1153
3.33048
3.55609
3.79289
4.04168
4.30326
4.57842
4.86793
5.17252
5.49285
5.82946
6.1827
6.5527
6.93927
7.34178
7.75905
8.18917
8.62936
9.07573
9.52306
9.9646
10.3918
10.7942
11.1593
11.4727
11.7183
11.8788
11.9375
11.8797
11.6893
11.3312
10.8853
-11.1472
-11.6383
-12.0196
-12.2002
-12.2239
-12.1126
-11.8866
-11.5683
-11.1792
-10.7392
-10.2653
-9.7716
-9.26972
-8.76867
-8.27526
-7.79451
-7.32991
-6.88374
-6.45738
-6.05142
-5.66597
-5.3007
-4.95502
-4.62814
-4.31914
-4.02703
-3.75079
-3.48937
-3.24177
-3.00699
-2.78407
-2.5721
-2.37019
-2.17752
-1.99331
-1.81682
-1.64734
-1.48421
-1.32682
-1.17456
-1.02688
-0.883241
-0.743139
-0.606086
-0.471612
-0.339265
-0.208609
-0.0792156
0.0493338
0.177452
0.305547
0.434027
0.563301
0.693781
0.825887
0.960044
1.09669
1.23628
1.37928
1.52618
1.67748
1.83371
1.99545
2.16328
2.33782
2.51973
2.70971
2.9085
3.11689
3.33568
3.56577
3.80805
4.06349
4.33306
4.61778
4.91867
5.23674
5.57296
5.92823
6.30332
6.69879
7.11493
7.55161
8.00815
8.48315
8.97425
9.47788
9.98894
10.5005
11.0034
11.486
11.934
12.3301
12.6546
12.8855
13.0004
12.9789
12.7988
12.4162
11.9224
-12.3222
-12.8694
-13.2752
-13.4358
-13.4069
-13.2198
-12.9027
-12.4852
-11.995
-11.4561
-10.8884
-10.3082
-9.72788
-9.15675
-8.60151
-8.06674
-7.5553
-7.06883
-6.60794
-6.1726
-5.76222
-5.37591
-5.01254
-4.67085
-4.34951
-4.04718
-3.76253
-3.49424
-3.24108
-3.00186
-2.77546
-2.5608
-2.35691
-2.16284
-1.97773
-1.80075
-1.63115
-1.46821
-1.31125
-1.15966
-1.01282
-0.870186
-0.731214
-0.595397
-0.462247
-0.331295
-0.202089
-0.0741865
0.0528433
0.179425
0.305979
0.432925
0.560684
0.689679
0.820342
0.953115
1.08845
1.22682
1.3687
1.51462
1.6651
1.8207
1.98203
2.1497
2.3244
2.50683
2.69777
2.89801
3.10844
3.32999
3.56364
3.81045
4.07155
4.34811
4.64138
4.95264
5.28322
5.63445
6.00764
6.40404
6.82474
7.27062
7.74221
8.23952
8.76186
9.30756
9.87367
10.4555
11.0463
11.6366
12.2139
12.7618
13.2601
13.6847
14.0077
14.1994
14.2313
14.072
13.6653
13.1158
-13.6909
-14.3028
-14.7303
-14.8542
-14.7481
-14.4569
-14.02
-13.4766
-12.8614
-12.2034
-11.5259
-10.8464
-10.178
-9.52986
-8.90797
-8.31605
-7.756
-7.22841
-6.73295
-6.26867
-5.8342
-5.42791
-5.04806
-4.69286
-4.36051
-4.04928
-3.75749
-3.48358
-3.22604
-2.98351
-2.75467
-2.53833
-2.33338
-2.13879
-1.95359
-1.7769
-1.6079
-1.44581
-1.28994
-1.1396
-0.994175
-0.853076
-0.715745
-0.581654
-0.450299
-0.321198
-0.193885
-0.0679067
0.0571773
0.181801
0.306394
0.431384
0.557202
0.684279
0.813059
0.943993
1.07755
1.21421
1.35447
1.49887
1.64796
1.80234
1.96262
2.12947
2.30361
2.4858
2.67687
2.8777
3.08925
3.31255
3.54872
3.79894
4.06451
4.34682
4.64735
4.96766
5.30943
5.67437
6.06427
6.48091
6.92601
7.40117
7.90773
8.44662
9.0181
9.62154
10.255
10.9146
11.5943
12.2848
12.973
13.6409
14.2654
14.8171
15.2611
15.558
15.6681
15.5464
15.1188
14.5049
-15.3073
-15.9929
-16.4341
-16.4945
-16.2751
-15.8404
-15.2457
-14.5422
-13.7732
-12.973
-12.1675
-11.3754
-10.6093
-9.87771
-9.18517
-8.53395
-7.92446
-7.35591
-6.82671
-6.33476
-5.87773
-5.45316
-5.0586
-4.69164
-4.35
-4.03152
-3.73418
-3.45611
-3.19559
-2.95103
-2.72097
-2.50407
-2.2991
-2.10494
-1.92055
-1.74497
-1.57734
-1.41683
-1.2627
-1.11425
-0.970833
-0.831831
-0.696672
-0.564815
-0.435741
-0.308959
-0.183992
-0.0603819
0.0623206
0.184555
0.306758
0.429362
0.552803
0.677521
0.803965
0.932594
1.06388
1.19833
1.33644
1.47877
1.62589
1.77841
1.93697
2.10229
2.27511
2.45624
2.64655
2.84701
3.05865
3.28259
3.52006
3.7724
4.04107
4.32764
4.63386
4.96158
5.31281
5.68971
6.09456
6.52974
6.99769
7.50087
8.04157
8.62187
9.24332
9.90667
10.6114
11.3553
12.1335
12.9377
13.755
14.5664
15.346
16.0591
16.6623
17.104
17.3287
17.2716
16.8311
16.1441
-17.2485
-18.0142
-18.4514
-18.4055
-18.0192
-17.3866
-16.5839
-15.6775
-14.7203
-13.7514
-12.7986
-11.8803
-11.0079
-10.1876
-9.42177
-8.7105
-8.05214
-7.44405
-6.88304
-6.36569
-5.88849
-5.44806
-5.04114
-4.6647
-4.31592
-3.9922
-3.69118
-3.41069
-3.14878
-2.90366
-2.67372
-2.45749
-2.25363
-2.06094
-1.87831
-1.70474
-1.53928
-1.38111
-1.22944
-1.08353
-0.942731
-0.806404
-0.673965
-0.54486
-0.418564
-0.294578
-0.172421
-0.0516288
0.0682501
0.187659
0.307036
0.426817
0.547441
0.66935
0.792997
0.918846
1.04738
1.17909
1.31451
1.45419
1.59873
1.74873
1.90489
2.06792
2.2386
2.41778
2.6064
2.80545
3.01604
3.23939
3.47683
3.72983
4
4.28912
4.59916
4.93227
5.29082
5.6774
6.09483
6.54613
7.03456
7.56349
8.1364
8.7567
9.42756
10.1516
10.9303
11.7637
12.6493
13.5807
14.5464
15.5278
16.4971
17.4147
18.2275
18.8689
19.262
19.3125
18.8771
18.1107
-19.6266
-20.4717
-20.8685
-20.6469
-20.0146
-19.1082
-18.032
-16.87
-15.6845
-14.5182
-13.3986
-12.3419
-11.3562
-10.444
-9.60446
-8.83444
-8.12959
-7.48497
-6.89548
-6.35612
-5.86211
-5.40903
-4.99279
-4.60968
-4.25634
-3.92976
-3.62722
-3.34628
-3.08476
-2.84071
-2.61237
-2.39815
-2.19663
-2.00653
-1.82668
-1.65603
-1.49362
-1.33857
-1.19008
-1.04739
-0.909843
-0.776783
-0.647621
-0.521797
-0.398783
-0.278076
-0.159195
-0.0416754
0.0749347
0.191078
0.307191
0.42371
0.541072
0.659719
0.780104
0.902691
1.02796
1.15642
1.28859
1.42504
1.56636
1.71319
1.86621
2.02616
2.19386
2.37017
2.55607
2.7526
2.96094
3.18236
3.4183
3.67033
3.94021
4.22991
4.54161
4.87774
5.24102
5.63447
6.06145
6.52567
7.03121
7.58249
8.18428
8.84157
9.55946
10.3428
11.1961
12.1222
13.122
14.193
15.3268
16.5072
17.7064
18.8814
19.9697
20.8867
21.5279
21.7559
21.3623
20.5176
-22.6125
-23.5155
-23.8002
-23.2904
-22.2944
-21.01
-19.5762
-18.0954
-16.6371
-15.244
-13.9398
-12.7353
-11.6325
-10.6287
-9.71808
-8.8933
-8.14665
-7.47045
-6.8574
-6.30075
-5.79434
-5.33268
-4.91083
-4.52441
-4.16956
-3.84284
-3.54123
-3.26204
-3.0029
-2.76169
-2.53653
-2.32576
-2.12788
-1.94153
-1.76553
-1.59878
-1.4403
-1.28918
-1.14461
-1.00585
-0.872186
-0.742993
-0.617671
-0.49566
-0.376434
-0.259491
-0.144354
-0.0305605
0.082336
0.194774
0.307187
0.420005
0.533661
0.648593
0.76525
0.884093
1.0056
1.13027
1.25864
1.39125
1.52872
1.67168
1.82082
1.9769
2.14072
2.31321
2.49533
2.68818
2.89296
3.11103
3.34387
3.59317
3.8608
4.14888
4.45979
4.79622
5.16119
5.55815
5.99097
6.46403
6.98226
7.55118
8.17693
8.86627
9.62649
10.4653
11.3903
12.4089
13.5268
14.7468
16.0666
17.4753
18.9492
20.4452
21.8934
23.191
24.1983
24.7169
24.4373
23.5359
-26.4738
-27.3644
-27.3977
-26.4165
-24.8837
-23.08
-21.1833
-19.3113
-17.534
-15.8875
-14.3858
-13.0294
-11.8114
-10.721
-9.74594
-8.87382
-8.09287
-7.39229
-6.76238
-6.19455
-5.68128
-5.21598
-4.79291
-4.40709
-4.05418
-3.73039
-3.43242
-3.15738
-2.90273
-2.66626
-2.44598
-2.24017
-2.04727
-1.86591
-1.69485
-1.533
-1.37934
-1.23298
-1.0931
-0.958944
-0.829822
-0.705097
-0.584179
-0.466512
-0.351577
-0.23888
-0.12795
-0.0183338
0.0904085
0.198707
0.306986
0.415669
0.525179
0.635948
0.748415
0.863033
0.980274
1.10063
1.22463
1.35282
1.48579
1.62418
1.76869
1.92007
2.07913
2.24679
2.42403
2.61199
2.81187
3.02507
3.25314
3.49782
3.76107
4.04514
4.35255
4.68621
5.04943
5.446
5.88026
6.35721
6.88261
7.46303
8.10603
8.8202
9.61526
10.502
11.4922
12.5983
13.8325
15.2056
16.7244
18.3883
20.1832
22.0728
23.9866
25.8065
27.3539
28.347
28.3215
27.4345
-31.6489
-32.341
-31.8539
-30.1042
-27.7828
-25.2738
-22.7895
-20.4496
-18.3117
-16.3935
-14.6905
-13.1873
-11.8635
-10.6979
-9.67041
-8.7625
-7.95796
-7.24267
-6.60451
-6.0331
-5.51958
-5.05643
-4.63719
-4.25636
-3.90921
-3.59168
-3.30027
-3.03194
-2.78405
-2.5543
-2.34066
-2.14137
-1.95485
-1.77971
-1.61472
-1.45876
-1.31085
-1.17008
-1.03565
-0.906796
-0.782855
-0.663196
-0.547239
-0.434442
-0.324295
-0.216318
-0.110052
-0.00505458
0.0991011
0.202833
0.306555
0.410675
0.515608
0.621772
0.729593
0.839515
0.951995
1.06752
1.18659
1.30975
1.43759
1.57073
1.70985
1.8557
2.00909
2.17091
2.34218
2.52399
2.71759
2.92437
3.1459
3.38397
3.64059
3.91808
4.21908
4.54664
4.90428
5.29606
5.72671
6.20177
6.72769
7.31203
7.96366
8.69298
9.51215
10.4353
11.4787
12.6608
14.0018
15.523
17.2446
19.1821
21.3399
23.7001
26.2048
28.7337
31.0738
32.8396
33.3384
32.6529
-38.894
-38.9302
-37.4006
-34.4041
-30.938
-27.4912
-24.2832
-21.4066
-18.8817
-16.6904
-14.7982
-13.1662
-11.7567
-10.5358
-9.47396
-8.54649
-7.73253
-7.01478
-6.37885
-5.81282
-5.30672
-4.85225
-4.44243
-4.07137
-3.73411
-3.4264
-3.14463
-2.88569
-2.64689
-2.42591
-2.22071
-2.02953
-1.85079
-1.68313
-1.52532
-1.37628
-1.23502
-1.10066
-0.972415
-0.84956
-0.731432
-0.617425
-0.506976
-0.399562
-0.294689
-0.191895
-0.0907369
0.00921051
0.108358
0.207109
0.305859
0.405003
0.504938
0.606066
0.708799
0.813562
0.920798
1.03097
1.14457
1.26213
1.3842
1.5114
1.64439
1.78389
1.9307
2.08569
2.24985
2.42427
2.61018
2.80895
3.02216
3.25157
3.49923
3.76747
4.05898
4.37688
4.7248
5.10699
5.52845
5.99507
6.51385
7.09313
7.74288
8.47508
9.30416
10.2475
11.3258
12.5642
13.9919
15.6431
17.5554
19.768
22.3152
25.2151
28.4472
31.9185
35.4087
38.4271
39.9741
39.9496
-49.5229
-47.8425
-44.2842
-39.2892
-34.1959
-29.5441
-25.4882
-22.0353
-19.1293
-16.6923
-14.6462
-12.9215
-11.4595
-10.2123
-9.14121
-8.2152
-7.40938
-6.70376
-6.08223
-5.5317
-5.04147
-4.60278
-4.20835
-3.85213
-3.52905
-3.23484
-2.96586
-2.71902
-2.49167
-2.28151
-2.08654
-1.90504
-1.73549
-1.57654
-1.42701
-1.28586
-1.15213
-1.02499
-0.903667
-0.787471
-0.675769
-0.567979
-0.463565
-0.362027
-0.262895
-0.165728
-0.0701044
0.0243804
0.118117
0.211489
0.304873
0.398643
0.493177
0.588857
0.686076
0.785237
0.886762
0.991094
1.0987
1.21009
1.32579
1.44638
1.57251
1.70486
1.8442
1.99138
2.14735
2.31314
2.48997
2.67916
2.88224
3.10095
3.33729
3.59355
3.87241
4.17697
4.51088
4.87843
5.2847
5.73577
6.23893
6.803
7.4387
8.15915
8.98054
9.92292
11.0112
12.2766
13.7578
15.5029
17.5707
20.0308
22.9616
26.441
30.5252
35.2071
40.3313
45.3562
48.9404
50.6408
-65.5554
-59.9496
-52.6175
-44.5309
-37.2252
-31.1162
-26.1479
-22.1445
-18.9192
-16.3068
-14.1729
-12.4127
-10.946
-9.71144
-8.66241
-7.76305
-6.98562
-6.30849
-5.71459
-5.19036
-4.72486
-4.30926
-3.9363
-3.60001
-3.2954
-3.0183
-2.76521
-2.53313
-2.3195
-2.12213
-1.93912
-1.76881
-1.60975
-1.46068
-1.32048
-1.18814
-1.06278
-0.9436
-0.829877
-0.720958
-0.616248
-0.5152
-0.417307
-0.3221
-0.229138
-0.138006
-0.0483078
0.040336
0.128293
0.215922
0.303576
0.391608
0.480373
0.570228
0.661541
0.754693
0.850079
0.948116
1.04924
1.15393
1.26269
1.37607
1.49466
1.61912
1.75017
1.88861
2.03533
2.19134
2.35776
2.53586
2.7271
2.93313
3.15586
3.3975
3.66062
3.94821
4.26381
4.6116
4.99659
5.42478
5.90344
6.44147
7.04983
7.74215
8.53555
9.45176
10.5186
11.772
13.2589
15.0405
17.1975
19.8349
23.0874
27.1205
32.1217
38.2668
45.612
53.7392
61.1092
66.748
-91.1624
-76.2392
-61.7614
-49.212
-39.2256
-31.6041
-25.8428
-21.4568
-18.0731
-15.421
-13.3074
-11.5957
-10.1885
-9.01582
-8.02663
-7.18311
-6.45684
-5.82611
-5.2741
-4.78759
-4.35609
-3.97115
-3.6259
-3.31472
-3.03292
-2.77662
-2.54252
-2.32785
-2.13024
-1.94765
-1.77831
-1.6207
-1.47347
-1.33545
-1.20561
-1.08302
-0.966866
-0.856401
-0.750963
-0.649948
-0.552805
-0.45903
-0.368154
-0.279742
-0.193389
-0.10871
-0.0253383
0.0570761
0.138873
0.220385
0.301938
0.383858
0.466473
0.550115
0.635123
0.721848
0.810657
0.901934
0.996087
1.09355
1.19479
1.30032
1.41069
1.5265
1.64842
1.77719
1.91363
2.05868
2.21336
2.37887
2.55653
2.7479
2.95473
3.17908
3.42333
3.69027
3.9832
4.30605
4.66349
5.0612
5.50607
6.00659
6.57332
7.21953
7.96211
8.82286
9.83033
11.0225
12.4505
14.1846
16.3225
19.0012
22.4143
26.8331
32.6316
40.2957
50.3314
62.9354
77.4686
92.4453
-144.774
-99.243
-69.3373
-50.8668
-38.3959
-29.8103
-23.8115
-19.4944
-16.2882
-13.8378
-11.9165
-10.376
-9.117
-8.07114
-7.19014
-6.43909
-5.79217
-5.22988
-4.73722
-4.3025
-3.91644
-3.57158
-3.26188
-2.98238
-2.72897
-2.4982
-2.28719
-2.09349
-1.91498
-1.74987
-1.5966
-1.45381
-1.32031
-1.19505
-1.07711
-0.965662
-0.859977
-0.759394
-0.663316
-0.571202
-0.482556
-0.396924
-0.313886
-0.233051
-0.154051
-0.0765411
-0.000189931
0.0753189
0.150292
0.22503
0.299828
0.37498
0.450782
0.527534
0.605544
0.685127
0.766615
0.850354
0.936713
1.02608
1.11888
1.21557
1.31664
1.42264
1.53416
1.65187
1.7765
1.90888
2.04993
2.20071
2.36242
2.5364
2.72424
2.92775
3.14904
3.39057
3.65526
3.94655
4.2686
4.62638
5.02599
5.47491
5.98248
6.56047
7.22395
7.99253
8.89216
9.95793
11.2383
12.8019
14.7485
17.2268
20.4641
24.8166
30.8566
39.4912
52.0225
70.5668
100.557
146.179
-258.351
-132.891
-76.4354
-50.3754
-35.4491
-26.3774
-20.6287
-16.7497
-13.9757
-11.8971
-10.2807
-8.98644
-7.92603
-7.04137
-6.29245
-5.65073
-5.09525
-4.6102
-4.18338
-3.80527
-3.46826
-3.16622
-2.89415
-2.64792
-2.42409
-2.21978
-2.03254
-1.86031
-1.70128
-1.55393
-1.41691
-1.28905
-1.16933
-1.05684
-0.950778
-0.850427
-0.755146
-0.664356
-0.577535
-0.494205
-0.41393
-0.33631
-0.260973
-0.18757
-0.115778
-0.0452875
0.0241949
0.0929513
0.161255
0.229374
0.297571
0.366109
0.435252
0.505267
0.576428
0.649017
0.723329
0.799671
0.878371
0.959774
1.04425
1.13221
1.22409
1.32036
1.42155
1.52823
1.64106
1.76076
1.88812
2.02406
2.1696
2.32594
2.4944
2.67654
2.87416
3.08935
3.32457
3.58272
3.86726
4.18235
4.53304
4.92549
5.36736
5.86828
6.4405
7.09995
7.86775
8.77261
9.85477
11.1727
12.8149
14.922
17.7279
21.6434
27.4348
36.5586
51.5558
77.718
134.292
259.856
)
;

boundaryField
{
    moving_wall
    {
        type            zeroGradient;
    }
    static_wall
    {
        type            zeroGradient;
    }
    zfaces
    {
        type            empty;
    }
}


// ************************************************************************* //
